Walt Disney Company (DIS)					
Daily prices (3/29/96 to 3/29/99)					
DATE   	OPEN	HIGH   	LOW   	CLOSE   	VOLUME
3/29/99	33.0625	33.188	32.75	33.063	6320500
3/26/99	33.3125	33.375	32.75	32.938	5552800
3/25/99	33.5	33.625	32.875	33.375	7936000
3/24/99	33.0625	33.25	32.625	33.188	6025400
3/23/99	34.125	34.188	32.813	33.188	9791700
3/22/99	34.9375	35	34.25	34.375	4339400
3/19/99	35.75	35.813	34.875	35.063	5565000
3/18/99	34.8125	35.688	34.688	35.438	5310300
3/17/99	35.25	35.563	34.5	34.5	4217700
3/16/99	35.75	36.438	35.063	35.063	4199000
3/15/99	36.125	36.563	35.125	35.875	5562600
3/12/99	35.625	36.438	35.625	36.063	8735000
3/11/99	34.125	34.938	34.125	34.688	5355500
3/10/99	34.6875	35.063	34.375	34.5	5576300
3/9/99	35.75	35.813	34.313	34.688	8296400
3/8/99	35.9375	36.688	35.938	36.438	6051500
3/5/99	35.8125	36	35.563	35.813	5231500
3/4/99	34.625	35.313	34.563	35.188	5113000
3/3/99	34.5625	35.125	34.375	34.5	4937600
3/2/99	35.1875	35.188	34.063	34.188	4333000
3/1/99	35.25	35.25	34.563	34.813	4610100
2/26/99	34.625	35.688	34.063	35.188	5763600
2/25/99	35	35.25	34.063	34.5	5337600
2/24/99	35	36	34.938	35.063	6158900
2/23/99	35.1875	35.5	34.875	34.875	4961800
2/22/99	34.125	35.125	34.125	34.875	5443900
2/19/99	34.25	34.5	34	34.125	3174600
2/18/99	34.6875	34.875	34.25	34.5	4827200
2/17/99	34.75	35.25	34.563	34.875	4469700
2/16/99	35.9375	36	34.625	35.063	4995400
2/15/99	NaN	NaN   	NaN   	NaN   	NaN
2/12/99	35.4375	35.563	34.563	35.438	6648300
2/11/99	34	35.5	33.813	35.188	6540000
2/10/99	33.625	34.188	33.313	34.063	6062300
2/9/99	34.1875	34.625	33.438	33.5	5770800
2/8/99	34.25	34.25	33.813	34	4816700
2/5/99	33.875	34.688	33.563	34.25	7360000
2/4/99	33.625	34.063	33	33.125	5819300
2/3/99	33.375	33.875	33.25	33.625	6590700
2/2/99	33.5	33.688	32.813	33.375	5984400
2/1/99	33.8125	33.938	33.25	33.688	6192100
1/29/99	33.6875	34	33	33	8863600
1/28/99	33.9375	34.375	33.313	33.5	12114700
1/27/99	34.25	34.375	32.688	32.938	11624900
1/26/99	34.9375	35.375	34.188	34.563	5673800
1/25/99	34.1875	35	34.063	34.938	4115900
1/22/99	34.125	34.563	34	34.125	5052700
1/21/99	35.9375	36	34.125	34.563	7454700
1/20/99	36.8125	36.938	35.875	36	7425400
1/19/99	36	36.625	35.813	36.5	7027800
1/18/99	NaN	NaN   	NaN   	NaN   	NaN
1/15/99	36.5625	36.688	35.625	36	6522200
1/14/99	36.75	37.25	35.813	36.063	7512600
1/13/99	34.5	37.375	34.375	36.125	15589600
1/12/99	38.375	38.688	37.188	38	21269500
1/11/99	33.125	35.5	33.063	35.25	17295400
1/8/99	32.3125	32.813	31.813	32.563	10678400
1/7/99	30.0625	31.75	30	31.75	10966100
1/6/99	30.5625	31	29.75	30.938	10469900
1/5/99	29.75	30.625	29.688	30.563	6219000
1/4/99	30.1875	30.688	29.25	29.563	7105100
1/1/99	NaN	NaN   	NaN   	NaN   	NaN
12/31/98	29.875	30.125	29.563	30	5576200
12/30/98	30.5	30.5	29.75	29.875	5089600
12/29/98	30.625	30.688	30.25	30.438	4482600
12/28/98	30.875	31	30.25	30.438	4603500
12/25/98	NaN	NaN   	NaN   	NaN   	NaN
12/24/98	30.875	31	30.5	30.563	1802100
12/23/98	30.4375	31	30.188	30.938	5853100
12/22/98	30.625	32.688	29.938	29.938	6720000
12/21/98	30.75	31.375	30.313	31	5798800
12/18/98	30.875	30.938	30.063	30.813	6180200
12/17/98	30.75	31.188	30.75	30.875	3596400
12/16/98	31.1875	31.438	30.563	30.75	4255800
12/15/98	31	31.375	30.688	30.75	5353300
12/14/98	31.3125	31.5	30.125	30.625	5379500
12/11/98	32.0625	32.063	31.438	32	4625200
12/10/98	33.5625	33.688	32.25	32.438	5538100
12/9/98	32.1875	33.75	32.063	33.563	7023900
12/8/98	31.375	32.375	31.313	32	5991500
12/7/98	31.375	31.938	30.875	31.125	4461300
12/4/98	31.4375	31.75	31.25	31.375	3897400
12/3/98	31.375	31.938	30.813	30.875	4522600
12/2/98	31.3125	31.438	30.688	31.188	4573100
12/1/98	31.875	32	31.125	31.5	6314700
11/30/98	32.4375	33.125	31.563	32.188	9255900
11/27/98	31	32.125	30.813	31.875	4346800
11/26/98	NaN	NaN   	NaN   	NaN   	NaN
11/25/98	29.8125	30.938	29.625	30.938	6328000
11/24/98	29.6875	30.875	29.5	29.813	10180500
11/23/98	28.6875	29.5	28.625	29.5	6840400
11/20/98	28.4375	28.688	28.125	28.5	6064700
11/19/98	28.4375	28.875	28.125	28.313	6971000
11/18/98	28.5625	29.125	28.25	29	5424200
11/17/98	29.0625	29.25	28.563	29.063	4901000
11/16/98	29.3125	29.813	28.875	29.063	5027700
11/13/98	28.75	29.375	28.25	29.125	4284700
11/12/98	28.6875	28.813	28.125	28.563	4169400
11/11/98	29.0625	29.313	28.813	28.875	4330500
11/10/98	29.1875	29.375	28.688	28.875	6401200
11/9/98	30.5	30.625	29.313	29.563	4894600
11/6/98	30.0625	30.625	29.813	30.25	5998000
11/5/98	28.4375	30.188	27.938	30.188	7052800
11/4/98	30	30.25	28.563	28.625	8737300
11/3/98	28.9375	29.75	28.875	29.563	8424300
11/2/98	27.5	29.125	27.438	28.813	7245500
10/30/98	26.8125	27.313	26.563	26.938	4852700
10/29/98	26.75	26.875	26.125	26.625	3773100
10/28/98	27	27.063	25.75	26.438	5660900
10/27/98	27.75	27.75	26.75	26.813	5973800
10/26/98	27.9375	28	27.5	27.938	3370900
10/23/98	27.8125	27.813	27.063	27.75	3865400
10/22/98	27.8125	28	27.063	28	3612500
10/21/98	27.125	27.75	26.938	27.563	5090900
10/20/98	26.375	27.5	26.188	27.063	7846200
10/19/98	25.125	26.063	25.125	26.063	5078600
10/16/98	25.9375	26	25.125	25.5	6396000
10/15/98	24.4375	26	24.188	25.875	5209700
10/14/98	25.125	25.625	24.25	24.375	5239700
10/13/98	24.5	25.625	24.188	25.5	4857300
10/12/98	24.75	25.063	24.438	24.625	4518900
10/9/98	23.75	23.813	22.5	23.688	6133200
10/8/98	24.375	24.813	22.625	23.5	9709800
10/7/98	25.375	25.938	24.563	24.938	4640400
10/6/98	25.822	26	24.938	25.375	4660000
10/5/98	25.1983	25.5	24.75	25.063	4217200
10/2/98	24.8864	25.75	24.5	25.25	5226000
10/1/98	24.9488	25.25	24.5	24.938	6923500
9/30/98	25.8843	26.188	25.063	25.375	5098900
9/29/98	26.1962	26.563	25.75	26	4424500
9/28/98	26.1338	26.313	25.813	26.25	4287000
9/25/98	25.4477	26	25.5	25.625	4355300
9/24/98	26.7576	27.125	25.75	25.875	6237800
9/23/98	26.2586	27	25.75	26.813	8515300
9/22/98	25.0735	25.5	24.938	25.188	6130700
9/21/98	24.9488	25.375	24.875	25.125	4935400
9/18/98	25.5725	25.875	25.125	25.563	7912200
9/17/98	24.9488	25.75	25	25.688	6213000
9/16/98	25.323	26	25.188	25.75	9691900
9/15/98	24.9488	25.5	24.813	25.5	10913900
9/14/98	25.1983	25.25	23.875	24.438	23693200
9/11/98	27.0694	27.938	25.75	25.813	7188600
9/10/98	27.2565	27.75	26.625	27.063	8250300
9/9/98	29.0029	29.063	27.563	27.813	8377300
9/8/98	29.689	30.188	28.125	29.125	8823500
9/7/98	NaN	NaN   	NaN   	NaN   	NaN
9/4/98	28.5663	28.75	27.5	28.25	7628400
9/3/98	29.4395	29.75	28	28.313	7247100
9/2/98	30.9365	31.875	29.563	29.875	8178200
9/1/98	28.4416	30.5	27.75	30.375	15202200
8/31/98	30.8117	31.25	26	27.438	11357500
8/28/98	30.9988	31.688	30.063	30.625	6975700
8/27/98	31.9344	32.5	30.938	31.75	7336100
8/26/98	33.1195	33.625	32.5	33	5450700
8/25/98	33.7432	34.688	33.625	34.063	4257700
8/24/98	33.868	33.938	32.813	33.375	3342100
8/21/98	33.1819	33.438	32.313	33.25	5263400
8/20/98	33.0571	33.875	32.938	33.625	3795800
8/19/98	33.6808	33.813	32.625	33.125	4538300
8/18/98	32.6205	33.625	32.125	33.5	5820300
8/17/98	31.4978	32.25	31.125	32.188	4376000
8/14/98	32.3087	32.438	31.25	31.75	4443600
8/13/98	32.4334	33.438	31.563	31.813	4841600
8/12/98	32.0592	32.938	32	32.438	6962800
8/11/98	32.2463	32.5	31.438	32.125	8492300
8/10/98	33.369	33.625	32.563	32.875	4465000
8/7/98	33.369	33.563	32.875	33.375	4860800
8/6/98	33.6185	34	33.063	33.313	5453100
8/5/98	33.3066	34.063	32.25	33.563	7727300
8/4/98	34.8659	35.188	32.75	32.813	7643000
8/3/98	34.4917	35	34.5	34.688	4172400
7/31/98	35.2401	35.5	34.25	34.438	3807200
7/30/98	35.3649	35.5	34	35.313	5524400
7/29/98	35.4273	35.75	35.063	35.375	4110500
7/28/98	36.1133	36.563	35.063	35.375	6213800
7/27/98	36.5499	36.688	36	36.625	3852800
7/24/98	36.5499	37	36.063	36.813	4224400
7/23/98	37.1113	37.875	36	36.25	4614400
7/22/98	37.0489	38	36.813	37.188	8498500
7/21/98	38.4305	38.563	37.438	37.75	6368200
7/20/98	39.2402	39.75	38.5	38.563	6316600
7/17/98	39.1779	39.563	38.813	39.375	5797300
7/16/98	38.3059	39.438	38.063	39.313	10007500
7/15/98	39.9253	40.313	39.188	39.375	8592900
7/14/98	39.6762	40.25	39.625	39.875	12580500
7/13/98	38.8665	39.563	38.375	39.375	15095000
7/10/98	37.1225	38.5	36.5	38.125	15635500
7/9/98	36.1466	37.146	36.167	37	12831600
7/8/98	35.3992	36.313	35.521	36.104	9512700
7/7/98	35.3785	35.667	35.333	35.521	8871300
7/6/98	35.2954	35.438	34.938	35.271	7764000
7/3/98	NaN	NaN   	NaN   	NaN   	NaN
7/2/98	35.2331	35.479	35.083	35.479	8094000
7/1/98	35.3785	35.833	35.354	35.417	14211900
6/30/98	36.2505	36.583	35.021	35.021	22053600
6/29/98	37.2886	37.917	37.292	37.729	5318100
6/26/98	37.2886	37.458	36.792	36.833	4543200
6/25/98	37.5169	37.979	37.188	37.5	6165900
6/24/98	36.5204	37.771	36.563	37.563	6162900
6/23/98	36.4996	36.792	36.208	36.583	6187800
6/22/98	35.0878	36.313	34.833	36.25	15149100
6/19/98	36.3958	36.625	35.625	35.854	20839500
6/18/98	37.9737	38.146	37.313	37.333	7202100
6/17/98	37.8699	38.75	37.667	38.104	6448500
6/16/98	37.5377	38.042	37.417	37.625	6045600
6/15/98	37.7661	38.333	37.396	37.396	4677900
6/12/98	38.6173	38.833	37.75	38.354	5778900
6/11/98	39.3232	39.583	38.688	38.729	4619700
6/10/98	39.0326	39.896	39	39.438	6919800
6/9/98	38.5135	38.833	38.25	38.833	4064400
6/8/98	38.0983	38.646	37.875	38.625	6111300
6/5/98	37.5169	38.313	37.333	38.229	8779200
6/4/98	36.3127	36.625	36.021	36.521	3837300
6/3/98	36.811	37.125	36.354	36.521	3902700
6/2/98	37.1432	37.333	36.521	36.708	6273600
6/1/98	37.8284	37.958	36.792	36.938	4043100
5/29/98	37.8699	38.083	37.708	37.75	3126300
5/28/98	37.9737	38.125	37.333	37.792	3583200
5/27/98	36.8526	38.292	36.896	38.104	7127700
5/26/98	38.7627	38.917	37.021	37.25	5850300
5/25/98	NaN	NaN   	NaN   	NaN   	NaN
5/22/98	38.6588	38.917	38.5	38.771	3896700
5/21/98	38.1606	38.917	38.208	38.646	5635800
5/20/98	37.0394	38.396	37.125	38.208	6726300
5/19/98	36.9564	37.271	36.708	36.979	6996300
5/18/98	36.8733	37.5	36.354	36.563	9069600
5/15/98	38.036	38.188	36.854	36.875	15075000
5/14/98	38.6796	39.125	38.5	38.688	7164000
5/13/98	39.4686	39.875	39.333	39.5	4191600
5/12/98	40.0707	40.208	39.583	39.604	3639900
5/11/98	39.8215	40.417	39.875	40.292	3866400
5/8/98	39.6139	39.979	39.625	39.833	6101400
5/7/98	40.0291	40.188	39.646	39.729	10990200
5/6/98	42.0223	42.188	41.333	41.396	3044100
5/5/98	42.4583	42.604	41.583	42.229	3891600
5/4/98	42.0846	42.792	42.104	42.375	4401000
5/1/98	41.5032	41.896	41.458	41.896	3708300
4/30/98	41.4617	41.875	41.354	41.521	5050500
4/29/98	41.171	41.5	41	41.292	4371300
4/28/98	41.1088	41.333	40.833	41.167	7529700
4/27/98	40.0499	40.479	39.75	40.313	7298400
4/24/98	41.088	41.229	39.938	40.708	15503700
4/23/98	41.524	42.542	41.146	41.229	27110400
4/22/98	38.7211	40.667	38.563	40.667	3779400
4/21/98	38.3682	38.979	38.167	38.917	4706400
4/20/98	37.7038	38.625	37.813	38.458	5312100
4/17/98	37.2886	37.813	37.208	37.792	3988800
4/16/98	37.683	37.813	37.313	37.333	3937500
4/15/98	37.7038	38.271	37.5	37.854	6006900
4/14/98	37.2886	37.75	37.167	37.729	4808700
4/13/98	36.2297	36.792	36.313	36.75	3679200
4/10/98	NaN	NaN   	NaN   	NaN   	NaN
4/9/98	35.6484	36.479	35.5	36.354	3707100
4/8/98	35.8767	36	35.229	35.667	3212100
4/7/98	35.9598	36.146	35.688	35.958	2423100
4/6/98	36.8818	37.063	36.083	36.125	3067200
4/3/98	36.4671	36.979	36.042	36.979	4285800
4/2/98	35.161	36.313	35.146	36.292	4602900
4/1/98	35.4927	35.667	34.979	35.333	4510800
3/31/98	35.1403	35.833	35.167	35.583	3702600
3/30/98	35.4927	35.833	35.167	35.188	2751900
3/27/98	35.8037	36.063	35.667	35.75	3158700
3/26/98	35.2025	36.042	35.375	35.896	3201000
3/25/98	35.4927	35.792	35.292	35.625	3600300
3/24/98	34.8293	35.771	34.875	35.646	7920900
3/23/98	34.6635	35.25	34.25	34.333	7702500
3/20/98	35.3269	35.667	35.125	35.667	5051400
3/19/98	35.6378	35.896	35.25	35.438	3236700
3/18/98	35.5757	35.833	35.333	35.771	3006300
3/17/98	35.9903	36.25	35.563	35.896	3290700
3/16/98	35.3061	36.667	35.396	36.542	3783600
3/13/98	35.783	35.958	35.021	35.333	3015000
3/12/98	34.8915	35.438	34.854	35.313	3252300
3/11/98	34.9952	35.188	34.792	34.938	3502800
3/10/98	35.2232	35.396	35.167	35.292	3060300
3/9/98	34.9537	35.479	35.083	35.271	3371400
3/6/98	35.2025	35.479	35.042	35.208	3966900
3/5/98	34.8293	35.292	34.917	35.063	6539400
3/4/98	35.4513	35.646	34.896	35.625	11502000
3/3/98	36.2598	36.896	36.333	36.667	3114300
3/2/98	36.9025	37.313	36.333	36.458	3685200
2/27/98	36.1561	37.542	36.333	37.313	4512300
2/26/98	36.4878	37.042	36.333	36.667	4365300
2/25/98	36.9647	37.375	37	37.083	4146900
2/24/98	37.711	37.979	37.188	37.313	5007900
2/23/98	38.0013	38.583	37.833	38.021	4515300
2/20/98	37.8769	38.292	37.75	38.125	4157700
2/19/98	38.0427	38.5	37.833	38.063	3682500
2/18/98	37.4622	38.417	37.375	38.292	3595500
2/17/98	37.2135	37.667	37.25	37.667	4417500
2/16/98	NaN	NaN   	NaN   	NaN   	NaN
2/13/98	36.2598	37.208	36.438	37.146	2891700
2/12/98	36.4878	36.813	36.292	36.708	4108500
2/11/98	35.9903	36.938	36.104	36.938	3872100
2/10/98	35.8866	36.375	35.5	36.167	3352800
2/9/98	36.2183	36.542	35.854	35.896	2580600
2/6/98	35.9281	36.375	36.021	36.188	2215800
2/5/98	36.0732	36.458	35.813	36.104	3490500
2/4/98	35.6378	36.25	35.771	36.104	3404400
2/3/98	35.7415	36.083	35.583	36	4170300
2/2/98	35.4513	36.417	35.604	36.271	5508000
1/30/98	35.1818	35.958	35.104	35.625	4269300
1/29/98	34.7464	36.125	34.875	35.417	5487900
1/28/98	34.4769	35.583	34.5	35	8837100
1/27/98	32.8183	34.708	32.958	34.25	9700200
1/26/98	32.7976	33.104	32.333	32.458	3054300
1/23/98	32.3415	33.063	32.271	32.875	5458500
1/22/98	32.7147	32.875	32.104	32.167	2659500
1/21/98	32.8391	33.167	32.688	32.958	3513300
1/20/98	32.1756	33.25	32.25	33.125	4008600
1/19/98	NaN	NaN   	NaN   	NaN   	NaN
1/16/98	31.9269	32.188	31.75	32.042	4426800
1/15/98	31.761	32.021	31.563	31.896	2991300
1/14/98	31.533	32.375	31.396	32.167	3380700
1/13/98	31.3049	31.833	31.25	31.667	5000700
1/12/98	31.2013	32.042	31.188	31.479	6062400
1/9/98	32.4037	32.583	32	32	5354100
1/8/98	32.611	32.813	32.313	32.563	2787900
1/7/98	32.5281	32.833	32.458	32.833	4410300
1/6/98	32.6294	32.896	32.667	32.813	4244100
1/5/98	33.2919	33.583	32.563	32.938	11730600
1/2/98	33.0642	33.271	32.875	33.208	2924700
1/1/98	NaN	NaN   	NaN   	NaN   	NaN
12/31/97	32.8364	33.417	32.896	33	4040400
12/30/97	32.5052	33.417	32.667	33	6004500
12/29/97	31.7598	32.479	31.833	32.333	2278500
12/26/97	31.6563	32.063	31.625	31.688	646200
12/25/97	NaN	NaN   	NaN   	NaN   	NaN
12/24/97	32.2981	32.563	31.604	31.667	1642800
12/23/97	32.3602	32.833	32.479	32.5	4159800
12/22/97	31.7391	32.646	31.917	32.458	3298200
12/19/97	31.9048	32.125	31.083	31.938	7825200
12/18/97	32.1325	32.604	32.083	32.438	4134300
12/17/97	31.9669	32.313	32.104	32.271	2789100
12/16/97	32.1739	32.375	31.896	32	4259700
12/15/97	31.2836	32.438	31.396	32.375	5674500
12/12/97	30.8489	31.521	30.958	31.208	3836700
12/11/97	30.8075	31.083	30.688	30.938	3417300
12/10/97	31.0352	31.333	31.083	31.271	2838900
12/9/97	31.2836	31.771	31.146	31.438	3741300
12/8/97	31.3665	31.563	31.313	31.458	3298500
12/5/97	30.8075	31.479	31	31.333	5404200
12/4/97	30.9938	31.313	31.083	31.188	7052700
12/3/97	31.9048	32.25	31.396	31.729	3508200
12/2/97	32.2774	32.583	31.896	32.188	4425900
12/1/97	31.2629	32.646	31.375	32.542	3707100
11/28/97	31.3872	31.771	31.542	31.646	1642800
11/27/97	NaN	NaN   	NaN   	NaN   	NaN
11/26/97	31.1387	31.792	31.313	31.5	3929400
11/25/97	30.9731	31.417	30.958	31.208	4160700
11/24/97	31.2008	31.396	30.854	31.208	7087800
11/21/97	30.1863	31.583	30.333	31.583	7501200
11/20/97	30.2277	30.542	30.167	30.229	7054800
11/19/97	29.7101	30.458	29.792	30.458	4879200
11/18/97	29.234	30.104	29.25	29.75	6330600
11/17/97	29.1511	29.917	29.292	29.667	4992600
11/14/97	28.2609	29.167	28.375	28.896	4791000
11/13/97	27.764	28.438	27.938	28.229	4341900
11/12/97	28.323	28.771	27.688	27.688	4328400
11/11/97	28.4679	28.896	28.5	28.667	1747800
11/10/97	28.882	29.083	28.458	28.479	2104200
11/7/97	28.1573	29.167	28.167	28.771	4313400
11/6/97	28.1573	28.917	28.167	28.792	4171500
11/5/97	28.3023	28.771	28.313	28.375	4007100
11/4/97	28.3851	28.771	28.375	28.75	3433800
11/3/97	27.619	28.5	27.729	28.5	3628200
10/31/97	27.1014	27.75	27.229	27.458	3472800
10/30/97	27.0807	27.708	26.833	26.875	3646500
10/29/97	27.2671	27.917	27.083	27.646	5003700
10/28/97	24.8447	27.583	25	27.438	9017700
10/27/97	27.1222	27.604	25.917	25.917	5350800
10/24/97	27.8882	28.292	27.375	27.458	6557100
10/23/97	27.2878	27.646	27.208	27.438	3955500
10/22/97	27.7226	28.125	27.667	27.688	3119100
10/21/97	27.764	28.042	27.688	27.896	2839800
10/20/97	27.5569	27.875	27.5	27.854	3186600
10/17/97	27.9503	28.167	27.104	27.542	5875500
10/16/97	28.6957	28.917	27.854	28.313	3958500
10/15/97	28.5714	29.271	28.583	28.958	5257800
10/14/97	28.197	28.958	28.292	28.813	3695700
10/13/97	27.8456	28.292	28.042	28.208	1482900
10/10/97	27.7009	28.021	27.75	27.896	2766900
10/9/97	27.7009	28.146	27.771	28.063	2363700
10/8/97	28.073	28.313	27.708	28	4362600
10/7/97	27.6389	28.479	27.75	28.396	3284100
10/6/97	27.9076	28.167	27.583	27.667	2635200
10/3/97	28.3831	28.604	28	28.125	5564400
10/2/97	27.2668	27.979	27.417	27.938	5108700
10/1/97	26.7913	27.458	26.938	27.333	4196700
9/30/97	26.3779	27.146	26.583	26.875	3717000
9/29/97	26.2125	27	26.375	26.667	3144600
9/26/97	26.2538	26.729	26.396	26.5	3300300
9/25/97	26.0471	26.542	26.083	26.542	3092700
9/24/97	26.1505	26.646	26.229	26.229	3011700
9/23/97	26.3572	26.563	26.208	26.333	2685000
9/22/97	26.4606	26.729	26.5	26.521	2886600
9/19/97	26.3779	26.646	26.417	26.646	3940500
9/18/97	26.0471	26.604	25.917	26.438	5262300
9/17/97	26.5433	26.75	26.167	26.292	3650700
9/16/97	25.613	26.458	25.792	26.354	3652500
9/15/97	25.5717	25.854	25.583	25.729	2361600
9/12/97	25.1996	25.771	25.292	25.708	4655400
9/11/97	25.3856	25.625	24.813	25.25	7174500
9/10/97	25.8817	26.146	25.896	25.917	2200200
9/9/97	25.7577	26.375	25.813	26.167	2766000
9/8/97	26.1918	26.396	25.958	25.958	2262600
9/5/97	25.9231	26.208	25.833	26.063	3425700
9/4/97	26.2745	26.5	25.771	25.896	5181600
9/3/97	26.1298	26.708	26.333	26.521	3021600
9/2/97	25.4683	26.333	25.667	26.333	2701500
9/1/97	NaN	NaN   	NaN   	NaN   	NaN
8/29/97	25.5096	26.042	25.604	25.604	2767800
8/28/97	25.9644	26.292	25.708	25.917	4162800
8/27/97	25.675	26.333	25.625	26.167	3421800
8/26/97	25.9231	26.229	25.833	25.833	2922300
8/25/97	25.9024	26.354	25.958	26.104	2670900
8/22/97	25.5303	26.104	25.729	26.042	3597300
8/21/97	26.5433	26.813	26.146	26.292	3002700
8/20/97	26.3572	26.875	26.417	26.792	3994200
8/19/97	26.0264	26.563	26	26.563	7335600
8/18/97	25.5923	26.271	25.333	26.208	5800500
8/15/97	25.675	26.208	25.5	25.542	5018400
8/14/97	26.2125	26.688	25.875	26.292	4612500
8/13/97	26.1918	26.646	25.792	26.333	5436900
8/12/97	26.3365	26.792	26.083	26.125	5461500
8/11/97	26.1918	26.729	25.875	26.542	3927900
8/8/97	25.9644	26.479	26.042	26.396	3895800
8/7/97	26.7913	27.083	26.313	26.375	3476700
8/6/97	26.3985	27	26.542	26.938	3454200
8/5/97	26.7913	27	26.604	26.646	3695400
8/4/97	26.5846	27.125	26.604	26.979	3758700
8/1/97	26.7293	27.104	26.75	26.854	4198200
7/31/97	26.9154	27.229	26.938	26.938	3761400
7/30/97	26.688	27.083	26.813	26.979	4751700
7/29/97	26.3365	26.813	26.5	26.708	4495200
7/28/97	26.1298	26.604	26.333	26.542	3028500
7/25/97	26.2125	26.417	26.083	26.333	4177500
7/24/97	25.7784	26.542	25.5	26.438	5226300
7/23/97	26.1918	26.542	25.917	25.979	6349500
7/22/97	25.2616	26	25.083	25.875	8390400
7/21/97	25.0962	25.313	24.604	25.063	4784100
7/18/97	25.4683	25.667	25.083	25.292	7125300
7/17/97	26.0678	26.292	25.458	25.917	5940300
7/16/97	25.8404	26.5	26.021	26.292	6238200
7/15/97	25.6337	25.979	25.521	25.979	4869600
7/14/97	25.2616	25.875	25.417	25.792	5830200
7/11/97	25.3236	25.667	25.25	25.479	5553300
7/10/97	25.4683	25.979	25.542	25.625	5025300
7/9/97	25.9438	26.167	25.604	25.688	6512400
7/8/97	25.4252	26.125	25.625	26.021	8623500
7/7/97	25.7348	26.083	25.021	25.333	10174200
7/4/97	NaN	NaN   	NaN   	NaN   	NaN
7/3/97	25.7141	26.167	25.708	25.75	5333100
7/2/97	25.611	25.917	25.479	25.625	8904600
7/1/97	26.3333	26.583	25.958	26.188	6320700
6/30/97	26.4158	26.813	26.25	26.75	7490700
6/27/97	27.0556	27.313	26.625	26.646	5422500
6/26/97	27.0762	27.417	27	27.188	4059600
6/25/97	27.1588	27.719	26.958	27.333	4892700
6/24/97	26.746	27.5	26.833	27.5	4315500
6/23/97	27.1588	27.458	26.833	26.875	2712000
6/20/97	27.4477	27.792	27.333	27.417	5408400
6/19/97	27.2413	27.875	27.125	27.792	4817400
6/18/97	27.4064	27.792	27.5	27.5	3274200
6/17/97	27.7366	28.125	27.583	28	4406700
6/16/97	27.5715	27.958	27.667	27.958	3944400
6/13/97	27.0762	28	27.292	27.833	5687100
6/12/97	26.9937	27.292	27.083	27.208	4967100
6/11/97	27.0349	27.292	26.958	27.125	4004700
6/10/97	26.8286	27.333	27	27.292	3645900
6/9/97	26.8698	27.333	26.958	27	3196200
6/6/97	26.7873	27.167	26.708	27.125	3822000
6/5/97	26.4984	27.208	26.625	26.917	2940900
6/4/97	26.5396	26.875	26.625	26.625	2664300
6/3/97	26.6635	27	26.792	26.875	2623800
6/2/97	27.2	27.458	26.917	26.958	2521500
5/30/97	26.7873	27.417	26.708	27.292	3811500
5/29/97	27.7366	28	27.458	27.625	2626200
5/28/97	27.5715	28.042	27.583	27.958	2521200
5/27/97	27.2826	27.958	27.375	27.917	2646900
5/26/97	NaN	NaN   	NaN   	NaN   	NaN
5/23/97	27.3239	27.875	27.458	27.75	1470300
5/22/97	27.2413	27.583	27.25	27.375	2741100
5/21/97	27.5302	27.917	27.292	27.375	3132000
5/20/97	27.3239	27.875	27.208	27.833	3968700
5/19/97	26.746	27.792	26.917	27.75	2848500
5/16/97	27.2	27.542	26.958	26.958	5526900
5/15/97	27.489	27.792	27.542	27.625	2571300
5/14/97	27.8192	28.208	27.792	27.875	2937000
5/13/97	27.8192	28.125	27.625	27.875	3525000
5/12/97	27.2	28.375	27.458	28.167	4684500
5/9/97	26.8698	27.417	27	27.417	3476700
5/8/97	26.4158	27.292	26.583	27.083	4744200
5/7/97	27.1588	27.417	26.75	26.833	3444600
5/6/97	26.9937	27.458	27.125	27.417	4385400
5/5/97	26.3745	27.417	26.583	27.375	4258200
5/2/97	26.7873	27.167	26.792	26.792	3505500
5/1/97	26.9111	27.333	26.75	27	3382500
4/30/97	26.4158	27.5	26.667	27.25	6981600
4/29/97	25.9205	26.958	26.083	26.917	6669300
4/28/97	25.5078	26.083	25.75	25.875	3057900
4/25/97	25.6729	26.083	25.708	25.792	3393300
4/24/97	26.292	26.625	25.917	26.083	4164600
4/23/97	25.9205	26.542	26.083	26.375	6732000
4/22/97	25.384	26.292	25.458	26.083	6454800
4/21/97	25.3427	25.958	25.417	25.625	4232100
4/18/97	25.0125	25.667	25.167	25.583	3373800
4/17/97	24.9712	25.458	25.083	25.25	3342300
4/16/97	24.3108	25.208	24.458	25.208	5304000
4/15/97	23.7742	24.708	23.75	24.625	3600900
4/14/97	23.7742	24.042	23.458	23.708	4288500
4/11/97	23.9806	24.875	24.125	24.125	5168100
4/10/97	24.4759	25.042	24.625	24.667	4009200
4/9/97	24.3934	24.708	24.458	24.583	2156100
4/8/97	24.3086	24.625	24.333	24.625	2135700
4/7/97	24.391	24.708	24.458	24.583	1974300
4/4/97	23.8142	24.583	23.958	24.583	3533700
4/3/97	23.6906	24.25	23.75	24.208	3355800
4/2/97	23.7318	24.625	23.708	24.125	4188000
4/1/97	23.567	24.5	23.667	24.125	4264800
3/31/97	24.391	24.667	24.083	24.292	5029500
3/28/97	NaN	NaN   	NaN   	NaN   	NaN
3/27/97	24.8442	25.208	24.417	25	3964800
3/26/97	24.803	25.208	24.875	25.083	3095700
3/25/97	24.7618	25.167	24.833	24.917	3790200
3/24/97	24.391	25.042	24.625	25	3766500
3/21/97	24.597	24.875	24.583	24.667	4132800
3/20/97	24.7206	25.042	24.708	24.833	2549700
3/19/97	24.6382	25.083	24.667	25	2867700
3/18/97	25.009	25.5	24.958	25.167	3116700
3/17/97	24.597	25.417	24.708	25.333	3382500
3/14/97	24.3086	25.083	24.542	24.917	4293900
3/13/97	24.6794	25.083	24.417	24.417	3104700
3/12/97	25.3386	25.667	25.042	25.125	3538200
3/11/97	25.5446	25.875	25.583	25.708	3013200
3/10/97	25.009	25.667	25.083	25.583	2551200
3/7/97	24.9266	25.458	25.125	25.333	4738800
3/6/97	24.3498	25.167	24.458	25.042	4600500
3/5/97	23.9378	24.708	23.917	24.5	4603500
3/4/97	24.2262	24.5	24.167	24.25	4179300
3/3/97	23.979	24.958	24.25	24.458	4529100
2/28/97	24.597	25.083	24.75	24.75	3122700
2/27/97	24.9266	25.375	25.167	25.292	3114900
2/26/97	25.1738	25.458	24.5	25.167	4390800
2/25/97	25.2974	25.625	25	25.375	3133200
2/24/97	24.6382	25.375	24.833	25.208	2897100
2/21/97	24.7618	25.375	25	25.125	3736500
2/20/97	25.0914	25.5	24.833	24.917	3015000
2/19/97	25.0502	25.75	25.333	25.375	3578100
2/18/97	25.3798	26	25.583	25.833	4121700
2/17/97	NaN	NaN   	NaN   	NaN   	NaN
2/14/97	25.7094	26.417	25.875	26.042	5673600
2/13/97	25.3798	26.292	25.5	25.792	5792400
2/12/97	24.7618	25.625	25.042	25.542	3304500
2/11/97	25.009	25.333	24.875	25	3652200
2/10/97	25.009	25.667	25.208	25.208	5852100
2/7/97	24.5146	25.125	24.75	25	4431900
2/6/97	24.1026	24.708	24.333	24.667	5274300
2/5/97	24.185	24.75	24.042	24.25	4868400
2/4/97	24.0202	24.333	24.167	24.208	2251800
2/3/97	23.9378	24.292	24	24.292	3382200
1/31/97	23.979	24.458	24.208	24.292	2769600
1/30/97	24.391	24.708	24.042	24.125	4229700
1/29/97	24.1026	24.583	24.25	24.583	6132900
1/28/97	24.391	24.917	24.125	24.208	8017500
1/27/97	23.5258	23.958	23.542	23.875	4874700
1/24/97	23.2373	23.833	23.167	23.75	4603500
1/23/97	23.2991	23.875	23.458	23.458	8035500
1/22/97	23.0313	23.625	23.083	23.583	5134200
1/21/97	22.8665	23.292	23.083	23.25	4919400
1/20/97	23.3609	23.625	23.417	23.5	4398000
1/17/97	22.7429	23.375	22.958	23.333	5497200
1/16/97	22.8665	23.125	22.833	22.958	4447500
1/15/97	22.7429	23.25	22.792	23.042	5338800
1/14/97	22.5781	23.167	22.667	23.083	4694700
1/13/97	22.5781	22.833	22.625	22.667	4589100
1/10/97	21.9189	22.625	22.125	22.625	5205900
1/9/97	22.3721	22.917	22.417	22.5	4542900
1/8/97	22.7429	23.125	22.5	22.625	3180900
1/7/97	22.7066	23	22.75	22.958	3556500
1/6/97	22.8712	23.25	22.875	23	3573300
1/3/97	22.6243	23.125	22.708	23.083	4585800
1/2/97	22.9534	23.292	22.25	22.458	8003400
1/1/97	NaN	NaN   	NaN   	NaN   	NaN
12/31/96	23.0357	23.5	23.125	23.25	2681700
12/30/96	23.5293	23.875	23.292	23.333	2839200
12/27/96	23.6116	24.042	23.667	23.75	1430100
12/26/96	23.4882	23.958	23.625	23.792	1753200
12/25/96	NaN	NaN   	NaN   	NaN   	NaN
12/24/96	23.6939	24.083	23.667	23.833	1136400
12/23/96	23.735	24.125	23.875	24.042	2438400
12/20/96	24.2697	24.583	24	24.125	9542400
12/19/96	23.5705	24.125	23.75	24.125	3635100
12/18/96	23.3236	24	23.625	23.833	4188300
12/17/96	22.83	23.75	23.083	23.625	5957700
12/16/96	23.1591	23.667	22.958	23.125	3489900
12/13/96	22.8712	23.583	23.125	23.417	5253000
12/12/96	23.7761	24.083	23.375	23.417	5178600
12/11/96	23.7761	24.333	23.792	24.042	5112300
12/10/96	23.9818	24.583	24.25	24.417	3071400
12/9/96	23.5293	24.458	23.667	24.375	3666900
12/6/96	23.118	23.875	23.167	23.833	4411800
12/5/96	23.6527	23.958	23.667	23.958	3306600
12/4/96	23.6527	24	23.458	24	4790400
12/3/96	24.3109	24.667	23.917	23.958	3956400
12/2/96	24.352	24.833	24.333	24.625	5123100
11/29/96	24.1875	24.667	24.333	24.625	1991100
11/28/96	NaN	NaN   	NaN   	NaN   	NaN
11/27/96	24.7634	25.125	24.542	24.625	6703200
11/26/96	24.4754	25.75	24.792	25.333	14448000
11/25/96	23.735	24.542	23.833	24.5	4656300
11/22/96	23.8584	24.458	24	24.042	4172700
11/21/96	23.6939	24.125	23.792	24.083	3002700
11/20/96	23.2414	23.917	23.542	23.917	4824600
11/19/96	23.4882	24	23.542	23.667	3970500
11/18/96	23.6939	24	23.667	23.792	3234600
11/15/96	23.3236	24.333	23.583	24.083	9661500
11/14/96	22.9534	23.625	23.208	23.542	3561900
11/13/96	23.2414	23.75	23.375	23.542	3700200
11/12/96	23.118	23.833	23.292	23.625	5880300
11/11/96	22.5421	23.458	22.833	23.458	5048700
11/8/96	22.5832	22.917	22.625	22.833	3735600
11/7/96	22.3364	23	22.542	23	4648500
11/6/96	22.1307	22.667	22.208	22.583	3201600
11/5/96	22.0073	22.542	22.25	22.542	3650100
11/4/96	21.5137	22.333	21.792	22.292	3357000
11/1/96	21.8016	22.125	21.708	21.833	2985000
10/31/96	21.6371	22	21.708	21.958	2871300
10/30/96	21.6782	22.042	21.875	21.875	1692000
10/29/96	21.925	22.208	21.917	21.917	2344500
10/28/96	21.8016	22.313	22.042	22.125	3228000
10/25/96	21.4314	22.083	21.708	22.083	2402700
10/24/96	21.7194	22.125	21.667	21.792	2664300
10/23/96	21.8839	22.167	21.917	22.042	4425300
10/22/96	21.596	22.25	21.875	22.208	3750000
10/21/96	21.3903	21.958	21.625	21.875	3079500
10/18/96	21.308	21.667	21.5	21.667	3031200
10/17/96	21.6371	21.958	21.583	21.625	2748300
10/16/96	21.1023	21.875	21.333	21.833	3933900
10/15/96	21.1435	21.542	21.167	21.458	2639100
10/14/96	21.1023	21.542	21.375	21.375	1727100
10/11/96	21.0612	21.458	21.208	21.333	1551900
10/10/96	20.8967	21.25	21	21.208	2037600
10/9/96	20.8144	21.25	20.917	21.167	2926800
10/8/96	20.9427	21.458	21.167	21.208	2589300
10/7/96	21.0248	21.458	21.292	21.375	2105400
10/4/96	20.9016	21.583	21.125	21.375	4804800
10/3/96	20.8195	21.125	20.917	21.042	2868000
10/2/96	20.532	21.167	20.833	20.958	3165600
10/1/96	20.8605	21.208	20.833	20.833	2709300
9/30/96	20.6142	21.292	20.917	21.083	3563400
9/27/96	20.4088	21	20.542	21	1930800
9/26/96	20.6142	21.208	20.625	20.667	3163500
9/25/96	20.6552	21.042	20.875	20.875	2933100
9/24/96	20.7784	21.25	20.875	20.917	3465300
9/23/96	20.7373	21.208	20.958	21.208	2706300
9/20/96	20.7373	21.125	20.792	21.042	7947600
9/19/96	20.1214	21.167	20.292	21.167	6843600
9/18/96	20.0803	20.5	20.25	20.417	2702100
9/17/96	19.8339	20.5	19.958	20.375	3953100
9/16/96	20.0803	20.583	20.083	20.083	3927900
9/13/96	19.9982	20.375	20.125	20.25	5432400
9/12/96	19.3822	20.208	19.625	20.167	6670500
9/11/96	18.9716	19.542	19.208	19.542	2848800
9/10/96	19.1358	19.417	19.125	19.292	3983100
9/9/96	18.8484	19.417	19.042	19.417	2751600
9/6/96	18.3967	19.083	18.542	19	4004100
9/5/96	18.602	18.958	18.542	18.542	2980200
9/4/96	18.6841	19	18.792	18.917	2222400
9/3/96	18.602	19	18.792	19	2462700
9/2/96	NaN	NaN   	NaN   	NaN   	NaN
8/30/96	18.9305	19.208	18.792	19	4209300
8/29/96	19.0948	19.458	18.917	19.25	2810700
8/28/96	19.3822	19.667	19.333	19.417	1634700
8/27/96	19.5465	19.917	19.583	19.667	2638200
8/26/96	19.218	19.792	19.417	19.792	3210900
8/23/96	19.0127	19.5	19.125	19.458	3006900
8/22/96	19.0127	19.583	19.25	19.375	3405000
8/21/96	18.8073	19.333	18.958	19.292	2457900
8/20/96	19.0537	19.333	19.083	19.083	2478000
8/19/96	19.259	19.542	19.25	19.333	2205900
8/16/96	19.0537	19.375	19.25	19.375	2622900
8/15/96	19.0537	19.625	19.167	19.292	2044800
8/14/96	19.0537	19.375	19.25	19.375	2743800
8/13/96	19.218	19.5	19.208	19.333	2502600
8/12/96	18.8484	19.5	18.833	19.5	2946000
8/9/96	18.8895	19.167	18.958	19.042	2836200
8/8/96	19.1358	19.458	19.125	19.167	3928500
8/7/96	19.3822	19.667	19.333	19.458	3667500
8/6/96	19.259	19.708	19.458	19.667	4226100
8/5/96	19.1769	19.583	19.375	19.458	2961000
8/2/96	19.3001	19.583	19.292	19.333	4478700
8/1/96	18.3967	19.208	18.667	19.125	5493900
7/31/96	18.0682	18.625	18.25	18.542	6025200
7/30/96	17.5754	18.458	17.792	18.417	5459400
7/29/96	17.6986	18.25	17.75	17.792	5823000
7/26/96	17.8629	18.25	17.833	18.042	9266400
7/25/96	17.945	18.375	18.042	18.125	5459700
7/24/96	17.9039	18.458	18.042	18.125	4798500
7/23/96	18.4788	18.792	18.458	18.5	4577400
7/22/96	18.7252	19.042	18.667	18.667	4408200
7/19/96	18.8484	19.25	18.875	19.125	4173300
7/18/96	18.602	19.125	18.75	19.083	4355100
7/17/96	18.8073	19.125	18.625	18.667	6723900
7/16/96	18.0682	18.792	17.958	18.667	13056900
7/15/96	19.0537	19.375	18.208	18.292	8512200
7/12/96	18.4378	19.167	18.708	18.958	5780400
7/11/96	19.0127	19.333	18.667	18.708	7652100
7/10/96	19.0537	19.417	19.083	19.375	5952000
7/9/96	19.3452	19.75	19.167	19.167	6468900
7/8/96	19.4271	20.042	19.583	19.667	6403800
7/5/96	19.755	20.125	19.792	19.792	3419700
7/4/96	NaN	NaN   	NaN   	NaN   	NaN
7/3/96	20.1239	20.458	20	20.333	6693000
7/2/96	20.4518	20.792	20.375	20.417	4664100
7/1/96	20.5337	20.917	20.625	20.75	3233400
6/28/96	20.8206	21.25	20.875	20.958	4638600
6/27/96	20.4927	21.083	20.792	21.042	3120900
6/26/96	20.5747	20.958	20.625	20.792	3589800
6/25/96	20.4927	21.125	20.833	21.083	4628400
6/24/96	20.6157	20.958	20.708	20.75	3486000
6/21/96	20.3288	21.042	20.5	21	8770800
6/20/96	20.1649	20.625	20.292	20.583	3785100
6/19/96	20.0419	20.458	20.292	20.375	3354000
6/18/96	20.2468	20.708	20.292	20.333	3499500
6/17/96	20.2468	20.708	20.458	20.667	2164500
6/14/96	20.2058	20.583	20.292	20.5	3358200
6/13/96	20.4518	20.833	20.583	20.583	2131500
6/12/96	20.4518	20.958	20.708	20.792	2840400
6/11/96	20.4927	20.958	20.708	20.792	4535400
6/10/96	20.7796	21.125	20.792	20.792	3071700
6/7/96	20.2878	21.083	20.417	21.083	6372900
6/6/96	20.4518	21.25	20.583	20.833	7355100
6/5/96	19.673	20.208	19.833	20.167	4977900
6/4/96	19.837	20.167	19.875	20.042	6093900
6/3/96	19.837	20.25	20.083	20.125	3209400
5/31/96	20.1649	20.583	20.208	20.25	3300000
5/30/96	19.9189	20.458	20.083	20.417	4170900
5/29/96	20.3698	20.708	20.167	20.167	4247400
5/28/96	20.6157	21	20.542	20.708	3453900
5/27/96	NaN	NaN   	NaN   	NaN   	NaN
5/24/96	20.5337	20.958	20.708	20.833	4314900
5/23/96	20.6157	21.083	20.625	20.667	4078500
5/22/96	20.6157	20.958	20.792	20.917	3918000
5/21/96	20.4518	20.833	20.375	20.792	4034100
5/20/96	20.2058	20.667	20.375	20.625	4550400
5/17/96	20.0009	20.542	20.333	20.417	4819500
5/16/96	19.673	20.375	19.958	20.25	3821400
5/15/96	20.0419	20.458	20	20.125	5794500
5/14/96	20.0829	20.417	20.208	20.292	3636600
5/13/96	19.5911	20.292	19.833	20.25	5699400
5/10/96	19.3452	19.875	19.458	19.75	4444800
5/9/96	19.4271	19.833	19.292	19.417	5993700
5/8/96	19.2632	19.708	19.292	19.667	7106100
5/7/96	19.673	20	19.75	19.792	4256400
5/6/96	19.4681	20.083	19.542	20.042	5737800
5/3/96	19.9189	20.25	19.5	19.667	7497900
5/2/96	19.878	20.25	19.875	20	5838900
5/1/96	20.2058	20.583	20.167	20.167	6846000
4/30/96	20.3698	20.708	20.542	20.667	2931300
4/29/96	20.2468	20.708	20.542	20.625	3184500
4/26/96	20.2468	20.917	20.5	20.625	5367600
4/25/96	19.9599	20.583	20.208	20.417	7764000
4/24/96	20.2058	20.542	19.917	20.208	16424700
4/23/96	20.5337	20.875	20.417	20.583	6871200
4/22/96	20.8206	21.208	20.708	20.875	4842000
4/19/96	20.6977	21.167	20.917	21.042	4010400
4/18/96	20.4927	21.042	20.792	20.958	2908800
4/17/96	20.4927	20.917	20.708	20.792	3721800
4/16/96	20.3698	20.917	20.167	20.75	3605100
4/15/96	20.2878	20.792	20.375	20.625	4539000
4/12/96	19.9189	20.583	20.083	20.458	7760700
4/11/96	20.0829	20.5	20.042	20.125	11311500
4/10/96	20.7387	21.167	20.25	20.292	8993100
4/9/96	21.1529	21.542	21.208	21.208	3498900
4/8/96	20.9483	21.667	21.208	21.458	5301900
4/5/96	NaN	NaN   	NaN   	NaN   	NaN
4/4/96	21.4393	21.875	21.5	21.667	3691200
4/3/96	21.4802	21.875	21.75	21.875	2860500
4/2/96	21.3165	21.875	21.667	21.833	4381800
4/1/96	21.112	21.625	21.417	21.625	2744100
3/29/96	21.1938	21.625	21.292	21.292	3373800
