International Business Machines Corporation (IBM)					
Daily prices (4/8/96 to 4/5/99)					
DATE	OPEN	HIGH	LOW	CLOSE	VOLUME
1/3/95	36.75	36.9063	36.6563	36.875	1167900
1/4/95	37	37.2813	36.625	37.1563	1994700
1/5/95	37.125	37.625	36.875	37	2270900
1/6/95	37.25	37.875	37.0313	37.5313	3040500
1/9/95	37.5	37.9063	37.4063	37.75	1713000
1/10/95	38	38.625	37.7813	38.2813	3420800
1/11/95	38.5313	38.5313	37.625	38	2450300
1/12/95	37.9063	38.1563	37.75	38	2275900
1/13/95	38.25	38.4063	37.875	38.1563	2030300
1/16/95	38.1563	39	38.1563	38.75	2716000
1/17/95	38.625	39	38.5313	38.75	1596300
1/18/95	38.875	38.9063	38.2813	38.625	1842600
1/19/95	38.5313	38.7813	38.1563	38.25	1713900
1/20/95	38.125	38.25	37.5	37.6563	3333400
1/23/95	36.875	37.25	36.1563	37.125	4913700
1/24/95	37.0313	37.4063	36.75	37	3176600
1/25/95	36.1563	36.5313	36	36.1563	3808000
1/26/95	36.1563	36.6563	36.125	36.1563	2156800
1/27/95	36.4063	36.5313	35.2813	36.25	2717100
1/30/95	36.375	36.5	35.75	35.875	1418500
1/31/95	36	36.4063	35.125	36.125	2742400
2/1/95	36.1563	36.9063	36.125	36.7813	3292000
2/2/95	36.75	37.1563	36.75	37.1563	1458600
2/3/95	37.4063	37.625	37.25	37.2813	2562800
2/6/95	37.25	37.4063	37.0313	37.1563	1352100
2/7/95	37.0313	37.1563	36.9063	37.125	1450700
2/8/95	37.0313	37.4063	37.0313	37.125	1496400
2/9/95	37.5	37.625	37.125	37.5	1974000
2/10/95	37.6563	37.875	37.5	37.5	1539000
2/13/95	37.5	37.6563	37.375	37.4063	1221800
2/14/95	37.5	37.7813	37.2813	37.7813	1696400
2/15/95	37.7813	37.9063	37.5313	37.7813	1626700
2/16/95	37.9063	38.125	37.75	37.75	1702400
2/17/95	37.7813	37.875	37.375	37.5	2918000
2/20/95	NaN	NaN	NaN	NaN	NaN
2/21/95	37.5	37.5313	37.0313	37.125	1557000
2/22/95	37.125	37.25	37.0313	37.125	1716000
2/23/95	37.375	37.875	37.0313	37.125	2206600
2/24/95	37.25	37.6563	37.125	37.4063	1563600
2/27/95	37.2813	37.6563	36.875	37	2053200
2/28/95	37	37.625	37	37.625	1799500
3/1/95	37.5313	38.1563	37.5313	37.6563	2050500
3/2/95	37.6563	38.6563	37.6563	38.625	2410800
3/3/95	38.5313	39.9063	38.5	39.7813	5564000
3/6/95	39.75	40.625	39.75	40.125	5043300
3/7/95	40.2813	40.4063	39.6563	39.9063	3450600
3/8/95	39.9063	40	39.25	39.875	3033300
3/9/95	40.1563	40.6563	40.1563	40.2813	3128400
3/10/95	40.4063	40.7813	40.1563	40.5313	2373100
3/13/95	40.75	41.5	40.75	41	3491200
3/14/95	41.25	41.375	40.75	40.75	2266900
3/15/95	40.6563	41.125	40.625	40.875	1771200
3/16/95	40.875	41.7813	40.7813	41.75	2845700
3/17/95	41.6563	41.7813	41.2813	41.2813	2967400
3/20/95	41.375	42	41.25	41.75	1842200
3/21/95	41.75	42	41.0313	41.125	1989000
3/22/95	41.0313	41.2813	40.625	40.7813	2447200
3/23/95	40.75	41.6563	40.75	41.6563	2764100
3/24/95	41.7813	42.1563	41.75	41.7813	2579500
3/27/95	41.9063	42.5313	41.9063	42.5	2028500
3/28/95	42.4063	42.4063	42.125	42.25	1353000
3/29/95	42.125	42.375	41.25	41.5	2971400
3/30/95	41.625	41.6563	40.875	41.1563	2957100
3/31/95	41.0313	41.75	40.6563	41.0313	2618000
4/3/95	41.25	41.75	41.125	41.4063	1894100
4/4/95	41.625	41.7813	41.25	41.5	1684600
4/5/95	41.4063	42.0313	41.4063	42	2008300
4/6/95	42.1563	42.2813	41.7813	41.9063	1486500
4/7/95	42	42.5313	41.75	42	2428300
4/10/95	42	43	42	43	2115600
4/11/95	42.9063	43.4063	42.7813	43.375	2581000
4/12/95	43.25	43.7813	43.0313	43.5313	1903200
4/13/95	43.5	43.6563	43.0313	43.1563	1381400
4/14/95	NaN	NaN	NaN	NaN	NaN
4/17/95	43.5	44.25	43.4063	43.9063	2189600
4/18/95	44.0313	44.25	43.5313	44.125	1968800
4/19/95	43.9063	44.125	43	43.5313	2576400
4/20/95	45	45.25	44.2813	44.5	5997700
4/21/95	44.6563	46	44.5313	45.7813	5886400
4/24/95	45.75	46.9063	45.5	46.75	4318900
4/25/95	46.6563	46.9063	46.4063	46.7813	3346300
4/26/95	46.5313	47.7813	46.4063	47.625	3699500
4/27/95	47.4063	48.4063	47.2813	48.375	3475100
4/28/95	48.0313	48.125	47.125	47.2813	5000600
5/1/95	46.9063	47.125	45.875	46	3403800
5/2/95	45.875	46.6563	45.7813	46.4063	3402800
5/3/95	46.6563	47.2813	46.5	47.1563	2672400
5/4/95	47.375	48.0313	46.625	46.7813	4357000
5/5/95	47.125	47.2813	46.4063	46.5313	3054800
5/8/95	46.375	47.625	46.2813	46.875	2703400
5/9/95	47.0313	47.1563	46.6563	46.7813	2779900
5/10/95	46.9063	47.5	46.9063	46.9063	2890900
5/11/95	46.75	47.5313	46.625	47.125	2584800
5/12/95	46.875	47.7813	46.875	47.125	2664400
5/15/95	47.25	47.6563	47.0313	47.4063	1908800
5/16/95	47.125	47.9063	47.125	47.2813	2733700
5/17/95	47.5	47.7813	47.375	47.375	2404500
5/18/95	47.2813	48.0313	46.5313	46.5313	3431400
5/19/95	46.125	46.875	46.125	46.6563	4064800
5/22/95	46.75	47.6563	46.75	47.625	2230100
5/23/95	47.75	48.7813	47.75	48.625	3529600
5/24/95	48.625	48.9063	47.25	48.0313	3161700
5/25/95	48.125	48.9063	47.9063	48.375	2887700
5/26/95	48.2813	48.75	47.25	47.5	2220800
5/29/95	NaN	NaN	NaN	NaN	NaN
5/30/95	47.7813	47.875	45.75	46.25	3150000
5/31/95	46.1563	46.7813	45.9063	46.5	2750500
6/1/95	46.75	47.5	46.6563	47.125	2527900
6/2/95	46.7813	47.6563	46.6563	46.9063	1991700
6/5/95	45.875	46.75	45	45.625	5851000
6/6/95	46.1563	46.375	45.6563	45.6563	3002400
6/7/95	45.375	45.6563	44.5	44.9063	3946600
6/8/95	45.0313	45.375	44.1563	44.6563	3394000
6/9/95	44.7813	45.125	44.2813	44.625	3308400
6/12/95	45.25	45.375	44.875	45.125	2995700
6/13/95	45.6563	46.125	45.4063	45.875	2905200
6/14/95	45.9063	46.6563	45.9063	46.5	2562500
6/15/95	46.7813	47	46.5	46.5	2192900
6/16/95	46.5313	46.7813	46.2813	46.2813	2696800
6/19/95	46.6563	47.2813	46.625	46.875	2376700
6/20/95	46.9063	49	46.9063	48.9063	3568900
6/21/95	49	49.2813	48.5313	48.5313	3580500
6/22/95	48.6563	49.5313	48.6563	48.75	4344200
6/23/95	48.75	49.6563	48.625	49.2813	2461600
6/26/95	49.25	49.625	49	49.125	2180000
6/27/95	49.0313	49.375	47.25	47.4063	3279900
6/28/95	47.5	48.2813	47.1563	48.0313	3120600
6/29/95	48.1563	49.0313	48.1563	48.5	2486600
6/30/95	48.875	49.0313	47.6563	48	2159800
7/3/95	48.125	48.9063	47.875	48.7813	683400
7/4/95	NaN	NaN	NaN	NaN	NaN
7/5/95	48.9063	49.2813	48.375	48.375	2418600
7/6/95	48.5313	49.4063	48.4063	49.4063	2348800
7/7/95	49.7813	50.2813	49.2813	49.75	3907100
7/10/95	50.25	50.625	50	50.2813	2293800
7/11/95	50	50.5	49.75	49.875	2107400
7/12/95	50.1563	51	49.7813	50.7813	2848300
7/13/95	50.875	52.125	50.625	52	3486200
7/14/95	51.2813	52.0313	51.0313	51.9063	2645000
7/17/95	52.0313	53.75	52	53.625	3732400
7/18/95	53.5	54.2813	51.4063	53.4063	8951100
7/19/95	52.625	52.75	48.875	50.6563	8572700
7/20/95	51	52.1563	50.6563	52.0313	5065700
7/21/95	52	52.4063	51.5313	51.7813	4370600
7/24/95	52.0313	53.9063	51.75	53.75	5167900
7/25/95	53.75	55.125	53.75	54.25	5322000
7/26/95	54.5313	54.7813	54.125	54.5	3582700
7/27/95	54.75	55.4063	54.75	55.375	3093000
7/28/95	55.4063	55.625	54.9063	55.2813	2436100
7/31/95	55.2813	55.625	54.25	54.4063	2635200
8/1/95	54.5313	55.0313	53.625	54.7813	3026400
8/2/95	55.2813	55.875	53.5	53.5	3062100
8/3/95	53.25	54.75	52.7813	54.5	3285600
8/4/95	54.5313	54.875	54.25	54.2813	1257200
8/7/95	54.5313	54.6563	54.2813	54.4063	1430800
8/8/95	54.4063	55	54.4063	54.7813	1795300
8/9/95	55	55.1563	54.7813	54.9063	1966800
8/10/95	54.9063	55.1563	54.4063	54.5313	1971400
8/11/95	54.75	54.7813	54.1563	54.625	2327700
8/14/95	54.625	55.4063	54.625	55.375	1748300
8/15/95	55.5	56.0313	55.125	56	2701000
8/16/95	56.0313	56.375	55.375	56.1563	2946800
8/17/95	56.1563	57.2813	56.125	56.7813	3029700
8/18/95	56.9063	57	55.5313	55.6563	3698100
8/21/95	55.6563	55.6563	53.25	53.625	4700700
8/22/95	53.5	54.125	52.7813	53.7813	5514300
8/23/95	54.0313	54.25	53.25	53.2813	3239000
8/24/95	53.2813	53.2813	52.25	52.4063	3797000
8/25/95	51.875	52.6563	51.875	51.9063	2782300
8/28/95	51.875	51.9063	50.6563	50.875	4113900
8/29/95	51.0313	51.2813	49.2813	51.1563	6146000
8/30/95	51.5313	51.75	50.5313	50.7813	3249600
8/31/95	51.125	51.875	51	51.75	2316400
9/1/95	51.375	52.25	51.1563	51.375	1818900
9/4/95	NaN	NaN	NaN	NaN	NaN
9/5/95	51.5	51.5	50.0313	50.5313	6668300
9/6/95	51	51.2813	50.2813	50.375	4191500
9/7/95	50.25	50.625	49.5	49.75	4051300
9/8/95	50	50	49.0313	49.4063	5355500
9/11/95	49.125	49.1563	47.9063	48.25	6619500
9/12/95	48.0313	49.25	47.5313	48.75	7287800
9/13/95	48.75	49.375	46.1563	47.2813	13922600
9/14/95	47.625	47.7813	46.25	46.6563	7865400
9/15/95	46.375	46.375	45.7813	46.125	6780400
9/18/95	46.25	47.125	46.1563	47.125	4453700
9/19/95	47.2813	48.4063	47.125	48.375	4219700
9/20/95	48.7813	49.0313	47.7813	47.875	2956700
9/21/95	47.875	48.25	46.9063	47.1563	2867000
9/22/95	46.9063	47.1563	46.6563	46.9063	2344300
9/25/95	47	47.375	46.2813	46.375	2971500
9/26/95	46.625	46.9063	46.25	46.4063	2774800
9/27/95	46.2813	47.25	45.9063	47.1563	4690700
9/28/95	47.4063	47.6563	46.9063	46.9063	2855100
9/29/95	47.125	47.625	46.7813	47.25	2597300
10/2/95	47.5	47.7813	46.6563	46.75	2371900
10/3/95	46.75	47.625	46.6563	47.4063	3290600
10/4/95	47.125	47.2813	46.6563	46.875	2007000
10/5/95	46.9063	47.5	46.75	47.25	2469300
10/6/95	47.625	47.6563	47.0313	47.0313	2598000
10/9/95	46.9063	47.0313	46	46	3021500
10/10/95	45	45.5313	44.5313	45.375	6467800
10/11/95	45.75	46.4063	45.625	46.25	3359000
10/12/95	46.625	46.75	46.0313	46.5	2347700
10/13/95	47	47.125	46.25	46.25	2352400
10/16/95	46.25	47.0313	46.25	47	2648600
10/17/95	46.25	48.5	45.625	48.375	11443400
10/18/95	48.9063	49.125	47.875	48.1563	7304400
10/19/95	48.4063	49.1563	48	49.125	4686700
10/20/95	49.125	49.25	47.625	47.6563	4453600
10/23/95	47.7813	49.5	47.7813	49.5	4149400
10/24/95	49.4063	49.625	48.625	49	3111400
10/25/95	49.25	49.25	48	48.0313	2738000
10/26/95	48.125	48.2813	47.2813	47.9063	3351800
10/27/95	47.9063	48.2813	47.875	48.25	2473700
10/30/95	48.75	49.375	48.5313	49.125	3178800
10/31/95	49.1563	49.5313	48.4063	48.4063	2952800
11/1/95	48.625	48.7813	48.1563	48.4063	2058800
11/2/95	48.5	49.9063	48.375	49.7813	3293600
11/3/95	50	50.75	49.9063	50.75	3246200
11/6/95	50.625	51.1563	50	50.25	3117500
11/7/95	49.75	50.2813	49.0313	49.375	3877700
11/8/95	49.5313	50.0313	48.625	48.875	2689400
11/9/95	49.6563	49.875	49	49.1563	3193500
11/10/95	48.75	49.125	48.2813	48.6563	2337100
11/13/95	48.75	49	48.5	48.6563	2374300
11/14/95	48.4063	48.6563	47.625	47.6563	2307400
11/15/95	47.7813	48.125	47.375	47.75	2245600
11/16/95	47.7813	48.375	47.5313	47.7813	2970500
11/17/95	47.6563	47.9063	47.375	47.5313	2765100
11/20/95	47.5	47.6563	46.5	46.5	2625700
11/21/95	46.5313	47.4063	46.5	47.25	3130200
11/22/95	47.375	48.1563	47.1563	47.625	2198500
11/23/95	NaN	NaN	NaN	NaN	NaN
11/24/95	47.625	48.2813	47.625	47.9063	743600
11/27/95	48.25	48.6563	47.7813	47.9063	2201800
11/28/95	47.875	48.75	47.7813	48.5	2891200
11/29/95	48.625	48.75	48.375	48.5313	2822500
11/30/95	48.625	49.0313	48.2813	48.2813	2564400
12/1/95	48.5	48.5	47.375	47.375	2515900
12/4/95	47.5	48.625	47.2813	48.0313	2705100
12/5/95	48.4063	48.5313	47.7813	47.875	2751400
12/6/95	48.125	48.25	47.125	47.875	3019400
12/7/95	47.625	47.75	47	47.375	2745900
12/8/95	47.5	48.4063	47.2813	48.4063	2558200
12/11/95	48.5313	48.625	47.9063	48.125	2109200
12/12/95	48.1563	48.375	47.625	47.6563	2166800
12/13/95	47.5313	47.6563	47.1563	47.25	2755900
12/14/95	47.375	47.5313	46.1563	46.875	3390500
12/15/95	46	46	44.9063	45.125	6848400
12/18/95	45	45.0313	43.875	44.5313	6355200
12/19/95	44.5313	45.9063	44.5313	45.9063	3744400
12/20/95	46	46	44.5313	44.6563	3605800
12/21/95	44.9063	45.5313	44.875	45.4063	2674000
12/22/95	45.4063	45.9063	45.4063	45.625	1877400
12/25/95	NaN	NaN	NaN	NaN	NaN
12/26/95	46	46.0313	45.7813	45.875	945400
12/27/95	45.875	46	45.375	46	1572000
12/28/95	45.5313	45.6563	45	45.125	1777400
12/29/95	45.1563	45.875	44.75	45.6563	3463500
1/1/96	NaN	NaN	NaN	NaN	NaN
1/2/96	45.6563	46.0313	45.2813	45.4063	2508400
1/3/96	45.5	45.625	44.5	44.625	3132000
1/4/96	44.5313	44.5313	42.7813	43.4063	8083200
1/5/96	43	44.375	43	44.2813	3876400
1/8/96	44.2813	44.625	44.2813	44.5313	882900
1/9/96	44.5313	44.5313	43.0313	43.125	3723500
1/10/96	43.2813	44.625	43.2813	43.625	5687900
1/11/96	44.0313	44.25	43	43.5313	4624600
1/12/96	43.625	43.625	43.0313	43.1563	2664400
1/15/96	43.25	43.25	41.5313	41.5313	3742800
1/16/96	42.0313	43.875	41.75	43.5	4613000
1/17/96	43.375	44.625	42.875	43.7813	4821200
1/18/96	45	48.125	44.7813	48.125	9857000
1/19/96	48.2813	52.0313	48.25	51	13146000
1/22/96	50.75	51.9063	50.6563	51.125	5293000
1/23/96	50.375	52.25	50.375	51.5	4959200
1/24/96	51.5313	54.5	51.5313	53.5	7988900
1/25/96	53.7813	54	52.0313	52.0313	4721800
1/26/96	51.9063	53.125	51.75	52.375	2647100
1/29/96	52.375	53.2813	52.125	53.25	2368600
1/30/96	53.25	54.5	53.1563	54.2813	4593600
1/31/96	54	54.9063	53.75	54.25	5014800
2/1/96	54.375	55.1563	54.0313	54.5	4077800
2/2/96	54.5	54.9063	54.375	54.7813	3110900
2/5/96	54.6563	56.1563	54.625	56.125	3284900
2/6/96	56.4063	57.5313	56.2813	57.375	5039600
2/7/96	56.7813	57.2813	55.75	56.2813	4025200
2/8/96	56.1563	57.25	55.9063	56.75	3194600
2/9/96	56.6563	57.1563	56.5	56.75	3371500
2/12/96	57.0313	57.9063	56.9063	57.625	3666600
2/13/96	57	57.4063	56.75	56.7813	3467700
2/14/96	56.9063	57.5	56.875	57.125	3237400
2/15/96	57.1563	59.25	57.125	58.7813	5835300
2/16/96	59	59.4063	58.75	59	4985900
2/19/96	NaN	NaN	NaN	NaN	NaN
2/20/96	58.375	60.4063	58.375	59.5313	5322200
2/21/96	59.5	60.2813	59.2813	60.125	4097300
2/22/96	60.875	62.7813	60.625	62.125	5355800
2/23/96	62.5	63.0313	62	62.7813	4126200
2/26/96	61.9063	62.75	61.9063	62.4063	2882500
2/27/96	62.5313	64.4063	62.25	64.375	4612900
2/28/96	63.7813	64.4063	63.5	63.6563	4387000
2/29/96	62.5	63.6563	61	61.2813	7292900
3/1/96	60.7813	60.875	58.5	59.1563	8044900
3/4/96	59.375	60.625	57.625	57.6563	4322100
3/5/96	58.5313	59.75	58.0313	59.5	3544200
3/6/96	59.875	59.9063	58.1563	58.5	2734200
3/7/96	58.5	58.75	57.6563	58.5313	2470400
3/8/96	57.75	58.4063	56.125	57.125	5380100
3/11/96	56.9063	58.9063	56.9063	58.625	3936000
3/12/96	57.7813	58	56.7813	57.125	4201600
3/13/96	57.25	58.2813	57.25	57.9063	2810800
3/14/96	58.25	59.375	58.0313	58.4063	2872300
3/15/96	58.4063	60	57.875	59.9063	3521500
3/18/96	60.2813	62.5313	60.25	62.25	3755400
3/19/96	62.375	62.75	60.75	60.875	2798000
3/20/96	60.4063	60.4063	57.125	58.5	7567900
3/21/96	58.75	58.9063	57.0313	57.4063	3778800	
3/22/96	57.5	57.875	57.125	57.125	2237400	
3/25/96	57.4063	57.5313	54.1563	54.375	4722400	
3/26/96	54.1563	56	53.7813	55.375	4558900	
3/27/96	55.5313	56.875	55.125	55.625	3619800	
3/28/96	55.9063	56.1563	54.75	54.875	3046600	
3/29/96	55.1563	56.875	55.1563	55.625	2931600	
4/1/96	56.0313	56.375	55	55.1563	2379500	
4/2/96	55.5	59.0313	55.25	58.7813	5407200	
4/3/96	58.75	60.25	58.0313	59.875	4149900	
4/4/96	59.9063	59.9063	58.625	58.875	2502500	
4/5/96	NaN	NaN	NaN	NaN	NaN	
4/8/96	57.7813	59.6563	57.25	59.6563	7995400	
4/9/96	59.875	60.0313	58.75	58.9063	3928800	
4/10/96	58.875	60.4063	57.5313	58	6376200	
4/11/96	58.1563	59.1563	57.375	58.75	7539600	
4/12/96	57.6563	57.7813	55.0313	55.75	15522000	
4/15/96	56.2813	57.1563	55.6563	57.0313	4588600	
4/16/96	57.5313	58.1563	57.2813	57.75	4877000	
4/17/96	58.375	60.0313	51.6563	53	32598200	
4/18/96	52.7813	53.625	51.7813	52.75	20756000	
4/19/96	52.875	53.5313	52.2813	52.625	9791600	
4/22/96	53.4063	53.7813	52.7813	53.625	6627600	
4/23/96	53.75	53.875	53.375	53.5	4939000	
4/24/96	53.7813	53.7813	52.7813	53.375	6054600	
4/25/96	53.5	54.25	53.2813	54.1563	8971000	
4/26/96	54.25	54.4063	53.7813	53.875	4563600	
4/29/96	53.875	54.375	53.6563	54.2813	5374800	
4/30/96	55	55.125	53.5	53.5	5328000	
5/1/96	53.875	54.25	53.7813	53.9063	4194800	
5/2/96	54	54.6563	53.6563	53.9063	7031000	
5/3/96	54.125	54.5	53.875	54.0313	4007600	
5/6/96	54.25	54.25	53.1563	53.5	5824200	
5/7/96	53.5	53.625	52.7813	52.9063	4767400	
5/8/96	52.5	53	51.7813	52.9063	7198000	
5/9/96	52.875	53.875	52.875	53.5	4767200	
5/10/96	53.6563	54.1563	53.0313	53.1563	4178800	
5/13/96	53.1563	54.25	52.9063	53.75	4585800	
5/14/96	54.125	54.4063	53.75	54.2813	6241600	
5/15/96	54.5	54.9063	54.25	54.5	5479000	
5/16/96	54	54.625	53.7813	54.2813	5433400	
5/17/96	54.5	55.7813	54.5	55.5	7707600	
5/20/96	56	56.25	55.5	56.0313	4821400	
5/21/96	55.9063	56.0313	55.375	55.5	4303800	
5/22/96	55.375	55.5	54.875	55.1563	4478600	
5/23/96	54.9063	55.25	54.625	54.625	5207400	
5/24/96	54.75	54.9063	54	54.375	2806000	
5/27/96	NaN	NaN	NaN	NaN	NaN	
5/28/96	54.625	54.6563	53.9063	54.125	3447000	
5/29/96	53.875	54.1563	52.7813	53.4063	6522000	
5/30/96	53.4063	53.7813	53.0313	53.625	5235600	
5/31/96	53.7813	54.125	53.2813	53.375	4502400	
6/3/96	53.1563	53.25	52.5	52.6563	3479000	
6/4/96	52.6563	53.2813	52.6563	52.9063	3976000	
6/5/96	53	53.1563	52.375	52.4063	3575800	
6/6/96	52.4063	52.4063	50.5	50.625	11955400	
6/7/96	48.25	51	48.0313	50.875	14755600	
6/10/96	51	51.625	50.6563	51.2813	6031000	
6/11/96	51.625	52.1563	51.1563	51.5313	5397400	
6/12/96	51.7813	51.9063	51.375	51.5	4272200	
6/13/96	51.5	52.0313	50.875	51.625	4266000	
6/14/96	51.6563	52.125	50.7813	50.7813	5424600	
6/17/96	50.9063	51.375	50.4063	51.25	3816800	
6/18/96	51	51.25	50.625	50.7813	3828800	
6/19/96	50.875	51.2813	50.75	51.0313	2859000	
6/20/96	51.125	51.125	49.6563	50.375	8279200	
6/21/96	50.375	50.875	49.125	49.2813	8448200	
6/24/96	49.7813	50.0313	49.25	49.7813	4941600	
6/25/96	49.6563	49.875	49.4063	49.875	4442600	
6/26/96	49.875	50.0313	49.25	49.2813	5087400	
6/27/96	49.1563	49.7813	48.7813	49.4063	6647400	
6/28/96	49.5313	49.9063	49.4063	49.5	4688200	
7/1/96	49.625	51.125	49.5313	50.75	4855000	
7/2/96	50.5	50.625	49.9063	50	4048200	
7/3/96	49.875	50.0313	49.0313	49.25	4862000	
7/4/96	NaN	NaN	NaN	NaN	NaN	
7/5/96	48.9063	49.625	48.875	48.9063	3334800	
7/8/96	49.0313	49.625	49.0313	49.1563	3687800	
7/9/96	49.375	50.125	49.375	49.5	3960400	
7/10/96	49.375	49.75	48.875	49.4063	5702400	
7/11/96	48.7813	48.7813	47.0313	48	11664400	
7/12/96	47.7813	48	47.2813	47.6563	6448600	
7/15/96	47.25	47.4063	44.875	45.4063	8159200	
7/16/96	46.125	47.875	44.875	47.625	12414200	
7/17/96	48.9063	48.9063	47	47.0313	7579000	
7/18/96	47.125	47.7813	46.5313	47.125	5342800	
7/19/96	47.25	47.625	46.75	46.875	4230200	
7/22/96	46.6563	46.6563	45.9063	46.125	3561600	
7/23/96	46.25	46.625	45	45.125	6230000	
7/24/96	44.7813	46.2813	44.5313	45.875	7367200	
7/25/96	48.25	51.875	47.5	51.75	18029800	
7/26/96	51.5313	52.0313	50.7813	51.9063	7980800	
7/29/96	51.75	52.75	51.6563	52.375	6676400	
7/30/96	52.625	54	51.875	53.6563	7985600	
7/31/96	53.5313	54.4063	53.5	53.75	7010600	
8/1/96	54	54.5	53.625	53.75	6241200	
8/2/96	54.1563	54.6563	53.875	54.4063	4531600	
8/5/96	54	54.6563	54	54.6563	4302200	
8/6/96	54.625	55.0313	54.125	54.7813	7192800	
8/7/96	55	56.4063	54.875	56.2813	6134000	
8/8/96	55.7813	56.9063	55.75	56.6563	5881200	
8/9/96	56.5	56.875	56.0313	56.1563	3493800	
8/12/96	56	56.625	55.7813	56.0313	3863800	
8/13/96	55.7813	56.25	54.5313	54.625	5967600	
8/14/96	54.6563	55.75	54.6563	55.625	5163000	
8/15/96	55.7813	55.7813	55.375	55.4063	2313400	
8/16/96	55.5	55.625	54.9063	55	3023400	
8/19/96	54.9063	55.1563	54.75	55	3527000	
8/20/96	55.0313	55.375	55	55.25	2269400	
8/21/96	55.25	56.375	55.0313	56.125	3532200	
8/22/96	56.375	56.9063	56.1563	56.2813	4124600	
8/23/96	56.0313	56.7813	56	56.5	3086800	
8/26/96	56.5	56.5313	56.125	56.25	1827400	
8/27/96	56.2813	56.375	55.625	55.875	2409800	
8/28/96	57	57.9063	56.9063	57.9063	7414800	
8/29/96	57.5313	57.75	57.2813	57.625	4591200	
8/30/96	57.2813	57.5	56.7813	57.25	3075800	
9/2/96	NaN	NaN	NaN	NaN	NaN	
9/3/96	56.625	57.6563	56.2813	57.625	4415200	
9/4/96	57.5	57.7813	57.25	57.2813	2740400	
9/5/96	57	57.25	56.5	56.5313	3597200	
9/6/96	56.75	57.9063	56.75	57.75	4819000	
9/9/96	58	58.875	57.9063	58.7813	5134800	
9/10/96	58.7813	59.6563	58.25	59.0313	8025600	
9/11/96	58.375	59.125	58.375	59	4377600	
9/12/96	59	59.125	58.5313	58.625	4337400	
9/13/96	59.0313	61.4063	59.0313	61.0313	11018200	
9/16/96	61.0313	61.6563	60.875	61.375	5326600	
9/17/96	61.5313	61.7813	60.75	61.75	6599200	
9/18/96	62.0313	62.625	61.5	62.25	7047000	
9/19/96	62.125	62.5313	61.5	61.5	4106600	
9/20/96	61.7813	62.4063	61.4063	61.5	6121000	
9/23/96	61.125	62.375	61.0313	62.125	3382800	
9/24/96	62.125	63.4063	62	62.0313	7492000	
9/25/96	62.25	63.4063	62.25	63.25	5386800	
9/26/96	63.125	63.9063	62.0313	62.1563	6352000	
9/27/96	62.375	62.75	62	62.375	2624400	
9/30/96	62.4063	63.5313	62.0313	62.2813	3728800	
10/1/96	62	62.625	61.5313	61.875	4893000	
10/2/96	62.125	62.9063	62	62.9063	4026400	
10/3/96	62.875	63.125	62.2813	62.5	3690200	
10/4/96	62.9063	63.5313	62.7813	63.2813	4604600	
10/7/96	63.4063	64	63.4063	64	3670800	
10/8/96	64	64.75	63.7813	64.1563	6294800	
10/9/96	64.5	64.6563	63.0313	63.1563	4804800	
10/10/96	62.75	64	62.75	63.875	4497000	
10/11/96	64.25	65.0313	64.125	64.9063	5716600	
10/14/96	64.9063	65	64.5313	65	2801800	
10/15/96	65.375	65.625	64.2813	64.75	5727800	
10/16/96	64.75	64.75	63.6563	64.375	3751400	
10/17/96	64.375	64.5313	62.625	62.7813	4270800	
10/18/96	62.75	64.75	62	64.6563	6947400	
10/21/96	64	67.6563	63.375	65.0313	16668600	
10/22/96	64.7813	65.375	63.125	63.5	5998600	
10/23/96	63.25	64.9063	63.0313	64.625	6017000	
10/24/96	64.75	64.875	63.6563	63.6563	3587000	
10/25/96	63.1563	64	63.1563	63.25	3250800	
10/28/96	63.2813	64.0313	63.25	63.6563	3695000	
10/29/96	63.75	63.875	62.5313	62.7813	5065000	
10/30/96	62.875	63.75	62.875	63.1563	4165000	
10/31/96	63.25	64.5313	62.9063	64.5	4262600	
11/1/96	64.4063	64.7813	63.5313	63.75	4134600	
11/4/96	63.6563	64.6563	63.6563	64.375	3054600	
11/5/96	64.875	65.75	64.625	65.1563	5858200	
11/6/96	65.2813	66.9063	65.125	66.6563	5772800	
11/7/96	66.5313	67.5313	66.375	66.875	6963200	
11/8/96	66.625	67.25	66.4063	67.1563	3138800	
11/11/96	67.1563	67.4063	67	67.25	2858400	
11/12/96	67.5	67.875	66.5	66.625	5448200	
11/13/96	66.75	67.9063	66.625	67.375	4784600	
11/14/96	67.2813	68.7813	67.2813	68.4063	5549000	
11/15/96	68.7813	72.75	68.6563	72.5	15607600	
11/18/96	72.375	75	71.5	73.375	11554200	
11/19/96	73.4063	77.4063	73.25	77.0313	12059200	
11/20/96	76.6563	79.5	76.1563	76.2813	16473400	
11/21/96	76.5313	77.4063	76.25	77.0313	9302200	
11/22/96	77.0313	79.4063	77.0313	79.25	8165000	
11/25/96	79.0313	79.25	78.0313	78.7813	5666000	
11/26/96	78.875	79	78.5	79	11030800	
11/27/96	79.125	80.125	78.875	79.0313	5599400	
11/28/96	NaN	NaN	NaN	NaN	NaN	
11/29/96	79.0313	79.7813	79.0313	79.6563	1862600	
12/2/96	79.7813	81.75	79.7813	81.5	6632000	
12/3/96	81.7813	83	81.2813	81.2813	9355600	
12/4/96	81.5	82	79.5313	81	8874600	
12/5/96	80.6563	81.2813	79.1563	79.25	6072600	
12/6/96	77	79	75.5	77.875	12070800	
12/9/96	78.2813	80.0313	78.125	80	5539800	
12/10/96	80.75	80.9063	78.875	78.875	6187000	
12/11/96	77.625	79.2813	76.875	78.0313	11712200	
12/12/96	79.0313	79.25	75.75	75.7813	7210200	
12/13/96	76.125	77.4063	76	76.4063	7781200	
12/16/96	76.5	76.625	73.625	74.2813	7188800	
12/17/96	74.1563	76.7813	73.6563	75.9063	8041200	
12/18/96	76.25	79.5	76.1563	79.2813	7221600	
12/19/96	79.875	79.875	78.625	79.0313	6807000	
12/20/96	79.1563	79.1563	77.0313	77.2813	8362400	
12/23/96	77	77.6563	76.375	77.125	4366400	
12/24/96	77.0313	78	77.0313	77.875	1330000	
12/25/96	NaN	NaN	NaN	NaN	NaN	
12/26/96	78.6563	79.1563	77.5313	77.875	2263600	
12/27/96	77.7813	77.7813	76.75	77.5313	2524600	
12/30/96	77.625	77.75	76.7813	76.7813	2084000	
12/31/96	76.875	77.6563	75.4063	75.75	3524800	
1/1/97	NaN	NaN	NaN	NaN	NaN	
1/2/97	76.1563	77.1563	75.125	76.625	8395000	
1/3/97	77.5	79.5313	77.4063	79.5313	6465200	
1/6/97	79.6563	81.6563	79.25	80.625	9622200	
1/7/97	80.4063	81.875	79.6563	81.6563	5270600	
1/8/97	82.0313	82.125	79.5313	79.9063	5848800	
1/9/97	79.875	81	79.1563	80.9063	6313400	
1/10/97	80.25	82	80.0313	81.5	8750400	
1/13/97	81.5	83.125	81.375	81.9063	7825400	
1/14/97	82.5	83.7813	82.25	83.5	5893200	
1/15/97	83.1563	84.1563	81.6563	82.2813	8856400	
1/16/97	82.375	83.375	81.625	82.75	6948000	
1/17/97	82.5313	82.875	81.9063	82.625	4434400	
1/20/97	82.4063	83.7813	82.25	83.5	5353000	
1/21/97	83.1563	85.0313	83.1563	84	7496600	
1/22/97	79	80	77.5	79	24592400	
1/23/97	79.4063	80.125	75.2813	76	16901200	
1/24/97	75.9063	77	74.5	75.25	16388400	
1/27/97	75.6563	75.875	72.5	72.875	11852200	
1/28/97	74.9063	77.125	74.2813	75	16153000	
1/29/97	76.75	78.375	76.1563	78.125	9332200	
1/30/97	78.875	79.125	77.875	78.625	9148000	
1/31/97	78.7813	78.9063	78.0313	78.4063	5782800	
2/3/97	78.6563	78.6563	77.25	77.4063	5299600	
2/4/97	77.375	77.375	75.375	76.7813	6772400	
2/5/97	76.7813	76.7813	73.2813	74.625	11038800	
2/6/97	74.5	74.875	72.75	73	10389200	
2/7/97	74.25	75	72.9063	74.375	9903600	
2/10/97	74.375	74.375	71	71.375	10781400	
2/11/97	71.5	72.625	70.5313	72.625	10770200	
2/12/97	72	73.2813	71.5	72	9257600	
2/13/97	72.5313	74.0313	72.5313	73.1563	7925800	
2/14/97	73.1563	73.875	72	72.5	6849400	
2/17/97	NaN	NaN	NaN	NaN	NaN	
2/18/97	72.75	72.75	71.5313	72.5313	5370400	
2/19/97	72.625	72.9063	71.5	71.7813	6724600	
2/20/97	71.5313	71.75	70.125	70.625	7166000	
2/21/97	70.375	70.4063	68.5313	68.875	12617000	
2/24/97	68.7813	72	68.75	71.9063	8565400	
2/25/97	72.1563	74	72.0313	73.25	8396800	
2/26/97	73.5	73.75	72	73.4063	7340800	
2/27/97	73.4063	73.4063	71.5	71.5	3544400	
2/28/97	71.5313	72.875	70.2813	71.875	6131200	
3/3/97	71.875	73.375	71.7813	72.5313	6607800	
3/4/97	72.7813	73.375	71.25	72.4063	6126400	
3/5/97	72.9063	73.25	72.1563	72.75	4002400	
3/6/97	72.7813	74.5	72.2813	73.2813	7390800	
3/7/97	73.625	73.7813	72.0313	72.375	5313600	
3/10/97	72.2813	73.5	72.1563	73.0313	4085600	
3/11/97	73.1563	74.875	73	73	6711200	
3/12/97	73	73.625	72.0313	72.4063	5654200	
3/13/97	72.375	73.125	71.125	71.4063	6075600	
3/14/97	71.7813	72.1563	71.0313	71.7813	4012400	
3/17/97	71.375	71.5313	68.6563	69.75	10188800	
3/18/97	69.9063	70.375	68.9063	69.625	7272200	
3/19/97	69.2813	69.375	67.9063	68.9063	8238800	
3/20/97	69	69.875	68.25	68.4063	7452400	
3/21/97	68.4063	68.5313	66.0313	66.25	13074600	
3/24/97	66.2813	68.4063	65	68.375	9008400	
3/25/97	68.4063	69.1563	67.375	67.9063	6918600	
3/26/97	68.25	70.5313	67.75	70.125	7029800	
3/27/97	70.25	70.7813	68.0313	68.5	6416000	
3/28/97	NaN	NaN	NaN	NaN	NaN	
3/31/97	68.625	69.75	67.1563	68.625	7754000	
4/1/97	68.5	68.875	67.7813	68.375	5858800	
4/2/97	68.4063	68.6563	66.625	66.875	7076000	
4/3/97	66	66.125	64.4063	65.5313	10769000	
4/4/97	63.625	65.5313	63.5313	64.625	12503200	
4/7/97	65.375	66.75	65.25	66.25	5335200	
4/8/97	66.125	68.4063	66.125	68.2813	5416000	
4/9/97	69	69	66.5	66.5313	6891800	
4/10/97	66.875	67.4063	66.4063	66.5	4966200	
4/11/97	66.125	67.375	65.6563	66.6563	8277200	
4/14/97	67.25	68.4063	66.625	68.25	5268800	
4/15/97	69.2813	69.5	67.1563	68.9063	7863800	
4/16/97	68.6563	69.1563	67.875	68.75	3690600	
4/17/97	68.6563	69.875	68.375	68.875	5310200	
4/18/97	69	70.0313	68.875	69.875	4686400	
4/21/97	69.7813	70.625	68.2813	68.6563	4713400	
4/22/97	68.625	70.0313	67.375	70	6044400	
4/23/97	70	71.875	69.5	71.1563	7834200	
4/24/97	75.5	78.5	74.75	76.875	21318200	
4/25/97	76.125	76.4063	75.2813	75.375	6010000	
4/28/97	74.7813	75.875	74.5313	75.1563	4992000	
4/29/97	76.1563	79.5	76	79.1563	9250000	
4/30/97	78.9063	80.5313	78.625	80.25	9156800	
5/1/97	80.25	80.7813	79.6563	80.6563	5986600	
5/2/97	80.5	81.4063	79.9063	81.0313	6065800	
5/5/97	81.4063	83.125	81.2813	83.0313	6208200	
5/6/97	82.9063	83.6563	82.2813	82.75	6594600	
5/7/97	82.1563	83.4063	81.0313	81.0313	5681000	
5/8/97	82	84.625	81.75	83.875	9584600	
5/9/97	84.375	84.625	83.2813	83.75	5873800	
5/12/97	84.125	86.5313	84.0313	86.5313	7490200	
5/13/97	87.375	88.5313	86.6563	86.7813	11324600	
5/14/97	87.125	87.5	85.9063	86.9063	6896200	
5/15/97	87.0313	87.7813	86.5313	86.9063	5472200	
5/16/97	86.5	86.875	84.7813	85	7048600	
5/19/97	84.9063	85.1563	83.4063	84.375	4847400	
5/20/97	84.25	87.75	84.1563	86.875	6265200	
5/21/97	87.375	88.6563	87.1563	87.5313	6340600	
5/22/97	87.5313	88	86.25	86.2813	3614800	
5/23/97	86.6563	87.4063	86.5313	86.9063	3458000	
5/26/97	NaN	NaN	NaN	NaN	NaN	
5/27/97	87	89.625	87	89.625	6475400	
5/28/97	90.125	90.125	88.5	90.125	8949400	
5/29/97	90	90	87.5	87.75	5774200	
5/30/97	84.75	88.25	84.5	86.5	6746400	
6/2/97	87.75	87.875	86.625	87.125	3304300	
6/3/97	86.375	86.625	84.125	84.25	4913900	
6/4/97	85	85.625	81.75	83.375	4567200	
6/5/97	84	84.875	82.125	82.875	3667000	
6/6/97	83.5	86	82.625	85.5	4582400	
6/9/97	86	87.625	85.625	86.875	3617500	
6/10/97	87.125	87.875	85.5	86.25	3812200	
6/11/97	86.25	87.375	86.125	87.125	3128600	
6/12/97	86.25	88.375	85.5	86.625	3795300	
6/13/97	88.25	89.75	88.125	89	4260900	
6/16/97	88.75	90	88.625	89.25	2669000	
6/17/97	89.75	90.75	89	90.125	3974900	
6/18/97	89.375	89.5	88.25	89	2904400	
6/19/97	89.125	90.75	89.125	89.75	3030500	
6/20/97	89.875	92	89.75	90	6822100	
6/23/97	89.875	91.375	87.625	87.75	4639500	
6/24/97	89.75	92.25	89.5	91.875	5332900	
6/25/97	91.875	93.75	91.375	91.875	4797500	
6/26/97	91.875	93	90.25	90.625	4077800	
6/27/97	91.25	92	91.25	91.25	2370600	
6/30/97	92.25	92.5	90.125	90.25	3393900	
7/1/97	90.25	92.25	90.125	91.875	2625800	
7/2/97	91.625	93.625	91.625	93.5	2678900	
7/3/97	94.875	95.125	94.375	94.875	3176100	
7/4/97	NaN	NaN	NaN	NaN	NaN	
7/7/97	95	95.5	94	94.5	3225300	
7/8/97	94.9375	95.75	94.5	95.75	2569900	
7/9/97	96.1875	96.1875	95.3125	96.1875	4431900	
7/10/97	95.3125	96.1875	94.0625	95.75	3197500	
7/11/97	95.875	97.375	95.625	95.75	3443100	
7/14/97	95.625	96.5	94	95.25	3224400	
7/15/97	94	96.25	93.375	96	3740300	
7/16/97	95.75	98	95.375	97.5	5386000	
7/17/97	97.875	101.75	97.125	99.75	7887600	
7/18/97	104	104.5	100	104.5	11587100	
7/21/97	103.75	106.375	102.25	103.75	8204600	
7/22/97	100.125	103.5	99.375	103	9206900	
7/23/97	104.375	107	103.25	105.125	5497000	
7/24/97	105.625	108.5	104.5	107.875	5102200	
7/25/97	108	108.5	105.625	107	3665000	
7/28/97	106.5	106.875	104.875	105	3251200	
7/29/97	104.5	104.625	102.75	102.875	4319300	
7/30/97	102.875	106	102.875	106	4351500	
7/31/97	106.125	107	105	105.75	3442100	
8/1/97	105.5	106	103.375	104.75	4001800	
8/4/97	104.625	106.5	104.375	106.25	3041400	
8/5/97	106.5	108	106.5	106.5	2686500	
8/6/97	106.5	109.5	105.875	107.875	4162100	
8/7/97	108.5	109.25	106.875	107.375	3236900	
8/8/97	106.375	107.125	104	105.25	3836700	
8/11/97	104.75	105.375	103	103	3386500	
8/12/97	103.375	105.625	103	103.5	3504800	
8/13/97	105.875	106	102.75	104.375	5130000	
8/14/97	104.625	105.125	102.625	103.625	3383500	
8/15/97	103.375	104.5	99.875	100	4602600	
8/18/97	101	104.125	99.75	104	4974700	
8/19/97	104.75	108	104.25	107.75	4791400	
8/20/97	107.625	108.5	106.125	107.375	4546900	
8/21/97	107.5	108	105.25	105.75	3258800	
8/22/97	102.5	106.625	102.5	106.375	4428300	
8/25/97	106.375	107	104.5	104.875	2489800	
8/26/97	103.375	104.375	103.125	103.375	2988500	
8/27/97	103.25	104.875	102.5	103.875	2773500	
8/28/97	102.75	103.875	101	101.125	2850000	
8/29/97	100.625	102.875	100.5	101.375	3756000	
9/1/97	NaN	NaN	NaN	NaN	NaN	
9/2/97	102	104.3125	101.25	104.0625	4543300	
9/3/97	104	105.125	103.5	103.5625	3510300	
9/4/97	103.6875	104.5625	103	103.75	2513700	
9/5/97	104.75	105.25	103.5625	103.625	2683200	
9/8/97	103.9375	104.3125	102.625	102.875	2583200	
9/9/97	103.375	104	100	100	5766100	
9/10/97	99.5	100.0625	96.125	97	8581400	
9/11/97	97.5	98.375	96.5	98	5877300	
9/12/97	97.75	98	96.9375	97.75	3294200	
9/15/97	99	99.1875	96.125	96.25	2672800	
9/16/97	97.125	100.5	96.375	99.625	4799500	
9/17/97	100.75	101.25	99	99.625	3489400	
9/18/97	100.1875	100.25	98.75	98.75	3728500	
9/19/97	98.9375	99.625	98.3125	99.25	3446200	
9/22/97	103.75	105.125	102	103.875	6939200	
9/23/97	104.5	105	102.75	103.25	4144200	
9/24/97	104.0625	104.4375	101.4375	101.5625	3060700	
9/25/97	102.0625	103	101.1875	101.625	2462000	
9/26/97	102.6875	103.1875	101.9375	102.625	2128400	
9/29/97	102.4375	105.125	102	105	2974600	
9/30/97	104.75	107.4375	103.625	106	6236200	
10/1/97	106.3125	106.4375	103.1875	103.5	3784600	
10/2/97	103.875	104.5625	103	104.5625	2242700	
10/3/97	106.625	107.25	103.5	104.3125	4096800	
10/6/97	105	105.25	104.375	104.8125	2450400	
10/7/97	106	107.125	105.9375	106.8125	4021500	
10/8/97	106.375	106.875	104.5	105.25	4097500	
10/9/97	104.25	105.8125	104.1875	104.625	2262000	
10/10/97	104.1875	105.375	104.125	104.9375	1643500	
10/13/97	105.375	105.5	104.0625	104.5	972100	
10/14/97	104.0625	104.125	102.0625	103.3125	2633300	
10/15/97	102.25	102.875	101.375	101.6875	2749200	
10/16/97	102	102.6875	99.125	99.875	3372600	
10/17/97	98.5	98.875	93.5	95.4375	7226200	
10/20/97	95.8125	97.75	94.5	97.75	5729300	
10/21/97	102	105.375	101	105.1875	8742600	
10/22/97	104.9375	105.9375	104.25	105.125	4339100	
10/23/97	102	103.875	100.0625	100.375	6928900	
10/24/97	102.5	102.8125	96.875	98	9226100	
10/27/97	97.1875	98.625	89.875	90	7140200	
10/28/97	89.6875	99.9375	88.625	99.375	12558600	
10/29/97	100	102.25	97.875	98.25	8583800	
10/30/97	97.1875	99.375	95.5625	95.8125	6390400	
10/31/97	98	99.1875	96.5625	98.5	3954600	
11/3/97	99.625	102.1875	99.125	101.625	4334600	
11/4/97	102.25	102.75	100.9375	101.9375	3493200	
11/5/97	101.9375	103.9375	101.5625	102.75	3254000	
11/6/97	102.625	103.1875	101.0625	101.0625	3076100	
11/7/97	98.875	100.4375	98.25	99.5	4527100	
11/10/97	100.75	100.8125	97.625	97.6875	3760100	
11/11/97	98.125	100	97.9375	99	2814000	
11/12/97	98.25	99.5	96.5	96.625	4111100	
11/13/97	98.0625	99.375	95.25	99.125	5170100	
11/14/97	99.4375	102.0625	99.125	101.5	4819400	
11/17/97	103	104.875	102.875	103.5	4495000	
11/18/97	103.75	104.375	102	102.125	3184400	
11/19/97	102.375	103.9375	101.75	103.0625	3674500	
11/20/97	104.0625	105	103.25	104.75	3354100	
11/21/97	105.3125	106.375	103.75	105.375	4748200	
11/24/97	104.875	105.75	103	103.125	3401200	
11/25/97	104.125	107.5	103.875	107.375	5113300	
11/26/97	107.5	109.875	107.375	109.75	4921900	
11/27/97	NaN	NaN	NaN	NaN	NaN	
11/28/97	109.125	110	109.125	109.5	1482700	
12/1/97	110	113.375	109.875	112.25	5814700	
12/2/97	112.125	112.375	110.5625	110.75	3528000	
12/3/97	110.8125	111.625	109	110.375	4909800	
12/4/97	110.5	111.3125	108.875	109.25	3591100	
12/5/97	109.3125	112.875	109	112.25	3465500	
12/8/97	112.875	113.5	111.75	112.875	3087200	
12/9/97	111.8125	112.25	110	110.375	3626000	
12/10/97	108.6875	109.625	105.4375	106.75	5740200	
12/11/97	102.0625	103.9375	101.375	101.625	7399800	
12/12/97	103	103.4375	96.375	100.375	8086700	
12/15/97	101.1875	101.9375	97	100.875	5846900	
12/16/97	101.625	105.25	101.125	103.75	4587800	
12/17/97	105.375	105.5	101.875	102	4409800	
12/18/97	101.625	102.9375	99	100	5167800	
12/19/97	99.1875	102.9375	97	102.125	6816700	
12/22/97	104	104.75	100.875	102.5625	3872900	
12/23/97	102.4375	104.125	98.625	98.875	2949600	
12/24/97	100.625	100.8125	99	99.125	2060000	
12/25/97	NaN	NaN	NaN	NaN	NaN	
12/26/97	99.9375	101.75	99.25	101.6875	1069100	
12/29/97	103.25	103.6875	102.75	102.75	2307300	
12/30/97	104.25	105.5	102.9375	103.125	3558000	
12/31/97	103.375	105.1875	103.1875	104.625	2736500	
1/1/98	NaN	NaN	NaN	NaN	NaN	
1/2/98	104.125	105.75	104.0625	105.625	2635000	
1/5/98	105.625	106.8125	105	106.4375	5017000	
1/6/98	105.375	107.1875	105.0625	105.25	3555600	
1/7/98	104.25	105	102.625	104.25	4308200	
1/8/98	103.5	105.5	102.9375	104.1875	4059400	
1/9/98	104.0625	104.875	99.375	100.0625	7182800	
1/12/98	98.125	101.125	97.5	100.125	6410700	
1/13/98	101.375	102.4375	100.3125	102.125	3414500	
1/14/98	103.1875	104	101.25	102.625	4275400	
1/15/98	103.375	104.9375	102.375	103.4375	6321700	
1/16/98	104.75	105.1875	104.5	105	4189100	
1/19/98	NaN	NaN	NaN	NaN	NaN	
1/20/98	105.5	108.125	104.6875	107.6875	4970600	
1/21/98	100.25	102	99.625	100.125	13907800	
1/22/98	100.125	100.625	98.5	99.375	6583500	
1/23/98	99.8125	100	98.9375	99.1875	3911500	
1/26/98	99.6875	99.9375	98	98.125	2807900	
1/27/98	96.75	97.875	95.625	96.5	7019700	
1/28/98	97.375	98	96.5	96.875	5192400	
1/29/98	97.25	99.375	97	98.1875	4413600	
1/30/98	98.125	99.5625	98	98.75	2900100	
2/2/98	100.6875	101.25	100	100.5625	3437700	
2/3/98	99.875	100.25	98.6875	99.375	3585600	
2/4/98	99.125	99.8125	98.0625	98.3125	4284300	
2/5/98	99.25	99.5625	98.375	99.5625	3776700	
2/6/98	99.5	99.625	97.75	98	4082500	
2/9/98	98.9375	99.625	98	98	3448400	
2/10/98	98.375	102.5	97.5	100.875	8164300	
2/11/98	102	103.25	101.5	102.6875	4207500	
2/12/98	102.25	103.25	101.5625	102.875	3626800	
2/13/98	102.6875	103.625	102.375	102.75	2244100	
2/16/98	NaN	NaN	NaN	NaN	NaN	
2/17/98	103.375	103.6875	101.5	102	3831800	
2/18/98	102	103.625	101.3125	102.75	3252300	
2/19/98	103.375	104.625	102.75	102.75	4276700	
2/20/98	102.9375	103.4375	101.5625	102.625	3750800	
2/23/98	103.125	103.9375	102.8125	102.875	2626000	
2/24/98	102.5625	102.875	101.75	102.5	2572400	
2/25/98	102.625	105.25	102.5	105.25	3848100	
2/26/98	104.8125	105.875	104.3125	105.5	3214800	
2/27/98	105	105.625	103.875	104.4375	2945200	
3/2/98	104	104.5625	100	101.9375	3490200	
3/3/98	100	102.5	99.8125	102.125	3970200	
3/4/98	102	103.3125	99	99	3007000	
3/5/98	99	100.375	98.3125	98.9375	5362000	
3/6/98	99	99.8125	98.125	98.125	5205100	
3/9/98	97	98.25	95.875	96.125	6464200	
3/10/98	97	98.1875	96.6875	97.5	4167100	
3/11/98	97.4375	99.875	97.4375	99.125	3403400	
3/12/98	99	100.625	98.1875	100.25	2951700	
3/13/98	100	101.125	99	99.625	2925300	
3/16/98	100	101.375	99.25	101.25	3421200	
3/17/98	101	101.8125	99.5625	100.875	3585100	
3/18/98	100.625	102.375	100.625	101.625	3594700	
3/19/98	101.4375	103	101.4375	102.875	2585000	
3/20/98	103	103.25	101.4375	102.0625	4107800	
3/23/98	102	103.375	101.375	101.375	3096800	
3/24/98	102.125	103.6875	102.125	103.5	2403700	
3/25/98	105	106.6875	104.875	106	6745200	
3/26/98	105	106.625	105	105.0625	2856700	
3/27/98	105	105.5	103.875	104.375	2830700	
3/30/98	104	104.875	102.5	103.25	1913700	
3/31/98	103.375	104.9375	103.375	103.875	2538500	
4/1/98	103.3125	104.875	103.3125	104.4375	2639800	
4/2/98	104	106.6875	104	105.8125	3601300	
4/3/98	105	106.375	103.9375	104.6875	3106200	
4/6/98	106	106.5	105	106	3679300	
4/7/98	105	105.8125	103.5625	104.6875	2723200	
4/8/98	104	105.625	103.75	104.5	2693600	
4/9/98	105.3125	106.5	105.3125	106.375	3030000	
4/10/98	NaN	NaN	NaN	NaN	NaN	
4/13/98	106	107.8125	104.1875	104.3125	4085000	
4/14/98	105	106.25	104.625	106.25	2385500	
4/15/98	107	109.8125	106.5	109.75	4552100	
4/16/98	109	110	107.625	107.8125	3380600	
4/17/98	107	107.9375	106.5	107.75	3154000	
4/20/98	109	110.5	107.1875	110	4924300	
4/21/98	118	118.5	113.625	118	12301600	
4/22/98	118	120	114.625	114.75	6546800	
4/23/98	115	117.625	114.125	117.5	4778800	
4/24/98	117	117.9375	116.25	117.375	3956200	
4/27/98	116.625	116.625	115.3125	115.3125	4297500	
4/28/98	116	118.5	115.3125	115.6875	5187100	
4/29/98	115.5625	116.875	115.5625	115.5625	3403900	
4/30/98	116	117.4375	115.5	115.875	3557500	
5/1/98	116.875	117.375	116.875	116.875	2476500	
5/4/98	117	118.875	116.625	116.625	2656500	
5/5/98	117.8125	118.25	117.8125	117.8125	2696600	
5/6/98	118	118.9375	117.25	117.25	3182500	
5/7/98	117.125	117.75	117.125	117.125	2654400	
5/8/98	120	120	120	120	3883400	
5/11/98	120.25	122.75	119.375	119.375	4771400	
5/12/98	120	120	119.625	119.625	3773800	
5/13/98	122.25	122.25	121.875	121.875	3963300	
5/14/98	129	129	125.875	125.875	10528600	
5/15/98	125.625	127.75	125	125	5598900	
5/18/98	124.625	125.75	124.625	124.625	3525500	
5/19/98	125	127	125	125	3898000	
5/20/98	125	125.8125	123.5	123.5	3014100	
5/21/98	123.625	124.1875	123.625	123.625	2917700	
5/22/98	123	123.625	121.125	121.9375	1998500	
5/25/98	NaN	NaN	NaN	NaN	NaN	
5/26/98	122	123	121	121	3475700	
5/27/98	121.5	121.5	120.25	120.25	5019200	
5/28/98	120.0625	121.625	120.0625	120.0625	2972200	
5/29/98	120	120.9375	117.375	117.5	2855400	
6/1/98	117.1875	118.3125	117.1875	117.1875	3653700	
6/2/98	117	117.6875	115.5625	115.5625	3891300	
6/3/98	116	116.625	113.875	113.875	2940900	
6/4/98	116.1875	116.1875	116.0625	116.0625	3033300	
6/5/98	119	119	118.875	118.875	4122700	
6/8/98	118.375	120	118.375	118.8125	1875000	
6/9/98	119.25	119.5625	119.25	119.25	1871100	
6/10/98	118	119.625	117.25	117.25	3281100	
6/11/98	117	118.0625	116	116	2678600	
6/12/98	116.8125	116.8125	116.25	116.25	4020700	
6/15/98	114	115.4375	112.125	112.25	4203700	
6/16/98	111	111	110	110	8814100	
6/17/98	111	112.25	111	111	5622600	
6/18/98	109	109.125	108.8125	108.8125	4240700	
6/19/98	108	109.25	106	106.125	4884000	
6/22/98	109.5	109.5	108.125	108.125	4276900	
6/23/98	112.3125	112.3125	111.75	111.75	4039200	
6/24/98	112.125	112.125	112	112	3030000	
6/25/98	112	114.6875	112	112.4375	3187800	
6/26/98	113.4375	113.4375	113	113	1636400	
6/29/98	114.125	114.8125	114.125	114.125	2184600	
6/30/98	114.8125	116.3125	114.8125	114.8125	4356000	
7/1/98	116.9375	116.9375	116.75	116.75	3166400	
7/2/98	116	116.625	115.1875	115.1875	3219800	
7/3/98	NaN	NaN	NaN	NaN	NaN	
7/6/98	114	115.0625	113.3125	113.6875	3199200	
7/7/98	113.875	114.5	113.875	113.875	2274900	
7/8/98	115.5625	115.5625	115	115	2258200	
7/9/98	118.5	118.5	117.125	117.125	3189500	
7/10/98	118.5	119.25	118.5	118.5	3070100	
7/13/98	120	120	119.375	119.375	2339800	
7/14/98	119.75	120.625	119	119.625	2268600	
7/15/98	119.25	120	117	117	2557800	
7/16/98	118.9375	118.9375	118.375	118.375	2180100	
7/17/98	120.375	120.375	120.1875	120.1875	3168400	
7/20/98	121.75	123	121.75	121.75	4489200	
7/21/98	128.625	131	127.75	127.75	12308600	
7/22/98	128.4375	128.4375	127.4375	127.4375	6050900	
7/23/98	127.25	129	123.6875	123.875	4153100	
7/24/98	125.875	125.9375	124.25	124.25	2874600	
7/27/98	125.75	125.75	125.5	125.5	3672700	
7/28/98	126.25	126.9375	125.4375	125.4375	4245300	
7/29/98	128	128.4375	127.0625	127.75	4019800	
7/30/98	133.75	133.75	133.375	133.375	5476700	
7/31/98	NaN	NaN	NaN	NaN	6594000	
8/3/98	134	134.875	132.3125	132.75	4177900	
8/4/98	134	134	127.5	127.5	6688900	
8/5/98	129	129	128.75	128.75	6553600	
8/6/98	130.9375	130.9375	129.75	129.75	4101300	
8/7/98	131.75	134.25	129.125	129.125	5765300	
8/10/98	130.125	130.125	129.875	129.875	3027700	
8/11/98	128.5	128.5	128.375	128.375	5114700	
8/12/98	128.75	129.5625	128	128	3682300	
8/13/98	127.625	128.375	126	126.125	3026800	
8/14/98	126.625	127.375	125.375	125.375	3147900	
8/17/98	125.125	126	125.125	125.125	3177500	
8/18/98	129.5	129.5	128.9375	128.9375	3791900	
8/19/98	129.5	130	129.0625	129.9375	3571100	
8/20/98	129.5	130.0625	128.0625	128.0625	3040300	
8/21/98	127.875	128	127.875	127.875	4220400	
8/24/98	128.5625	128.6875	128.5625	128.5625	2885400	
8/25/98	129.125	130.875	128.4375	128.4375	2632200	
8/26/98	131.75	131.75	130.875	130.875	4411700	
8/27/98	128	128	125.25	125.25	7346900	
8/28/98	125.25	125.8125	122.5625	122.5625	5802600	
8/31/98	123	123	112.625	112.625	7486300	
9/1/98	118	118	117.9375	117.9375	8399700	
9/2/98	121	123.75	120.5	120.5	5627800	
9/3/98	122.6875	122.6875	121.75	121.75	4823100	
9/4/98	122.5	122.875	119.375	119.375	4122900	
9/7/98	NaN	NaN	NaN	NaN	NaN	
9/8/98	125.9375	125.9375	125.9375	125.9375	4642500	
9/9/98	125.75	127.4375	123.375	123.5	4994700	
9/10/98	122.5	122.5	122.5	122.5	5579800	
9/11/98	126.5625	126.5625	126.5625	126.5625	4965100	
9/14/98	129.9375	129.9375	129.125	129.125	4557100	
9/15/98	130.6875	130.6875	130	130	3246800	
9/16/98	130.5	130.875	130.5	130.5	3319400	
9/17/98	127.5	128.25	126.1875	126.75	4420200	
9/18/98	126.75	127.25	124.25	124.6875	4606200	
9/21/98	128.625	128.625	128.1875	128.1875	4356600	
9/22/98	129.375	129.9375	127.75	127.75	4295600	
9/23/98	133	133	132	132	4330400	
9/24/98	131.625	134.9375	130.25	130.5625	4200200	
9/25/98	133.6875	133.6875	133.5	133.5	3653100	
9/28/98	134.5	136.1875	133.625	133.625	3820400	
9/29/98	133.75	134.125	131.4375	131.4375	3544900	
9/30/98	130.75	131.5	128.5	128.5	4149700	
10/1/98	125.375	126.4375	125.375	125.375	6268700	
10/2/98	124.8125	125	124.8125	124.8125	7302600	
10/5/98	123	123	120.25	120.25	6721000	
10/6/98	124	124	119.25	119.25	7183700	
10/7/98	121	121	120.5	120.5	6582400	
10/8/98	NaN	NaN	NaN	NaN	9156300	
10/9/98	127.9375	127.9375	127.3125	127.3125	5841600	
10/12/98	130.875	132.875	130.875	130.875	5402500	
10/13/98	130.5	130.5	128.1875	128.1875	4696800	
10/14/98	132	132	130.5	130.5	4795900	
10/15/98	138.75	138.75	136	136	6532700	
10/16/98	137	137.5	136.25	136.25	5169100	
10/19/98	139.875	139.875	139.375	139.375	4404700	
10/20/98	140.625	142.5	137.5	137.5	5663500	
10/21/98	143	143	142.75	142.75	8507900	
10/22/98	143.5	143.5	141.8125	141.8125	4747900	
10/23/98	141.5	143.4375	141.1875	141.5625	3145500	
10/26/98	144.5	144.5	143.125	143.125	3677300	
10/27/98	145.125	146.875	145.125	145.125	5708600	
10/28/98	146.875	146.875	146	146	3634900	
10/29/98	148.5	149.5	148.5	148.5	5078000	
10/30/98	149.5	149.875	148.5	148.5	3923100	
11/2/98	148.5	149.6875	148.375	148.375	3482700	
11/3/98	148.5	150	147.25	147.375	3456500	
11/4/98	148.875	149.75	147.875	147.875	4096300	
11/5/98	149.5625	149.5625	149	149	3293000	
11/6/98	151	151	150	150	3569000	
11/9/98	152.25	152.25	151.625	151.625	3788700	
11/10/98	156.75	156.75	156	156	4371500	
11/11/98	157.125	158.875	157.125	157.125	5109100	
11/12/98	159.875	159.875	157.875	157.875	4333900	
11/13/98	157.4375	157.5	157.4375	157.4375	2997600	
11/16/98	159.6875	159.6875	159.375	159.375	3421000	
11/17/98	159.375	161.375	158.125	158.5	4366700	
11/18/98	159.625	159.625	159	159	2922800	
11/19/98	159.5	159.875	158.125	158.5625	3164400	
11/20/98	160.125	160.125	160.125	160.125	3193900	
11/23/98	167	167	166.625	166.625	3877000	
11/24/98	165.5	167.25	165	165.375	3320900	
11/25/98	166.9375	166.9375	166.75	166.75	1968700	
11/26/98	NaN	NaN	NaN	NaN	NaN	
11/27/98	170.25	170.25	170	170	1337000	
11/30/98	169.75	170.625	165.125	165.125	2766700	
12/1/98	170	170	169.875	169.875	3638300	
12/2/98	169	169.25	167.4375	167.4375	3076800	
12/3/98	168.25	169.375	163	163.5	3229700	
12/4/98	164.625	165.375	164.25	164.25	3400100	
12/7/98	168.1875	168.1875	167.1875	167.1875	2651900	
12/8/98	168.25	169.875	168.1875	168.1875	3714600	
12/9/98	169.9375	169.9375	169.4375	169.4375	2340300	
12/10/98	169.375	170	165	165	3687300	
12/11/98	168.4375	168.4375	168	168	3492100	
12/14/98	166.5	167	162.75	162.875	3773700	
12/15/98	165.875	165.875	165	165	3885800	
12/16/98	166.875	166.875	164.375	164.375	2826400	
12/17/98	166.5	169.625	166.125	166.125	4381600	
12/18/98	171.625	172.25	171.625	171.625	4908400	
12/21/98	179	179	176.5	176.5	3739300	
12/22/98	183	183	182.25	182.25	4352300	
12/23/98	185.375	185.375	185	185	3535000	
12/24/98	188	188	188	188	1524900	
12/25/98	NaN	NaN	NaN	NaN	NaN	
12/28/98	190	190	189.25	189.25	2634600	
12/29/98	188.625	188.9375	187	187.125	1881100	
12/30/98	186.875	188.625	186.3125	186.75	2406600	
12/31/98	186.75	187.1875	184.375	184.375	1932400	
1/1/99	NaN	NaN	NaN	NaN	NaN	
1/4/99	185	186.5	183	183	4074800	
1/5/99	189.875	189.875	189.625	189.625	4953800	
1/6/99	190.375	192.75	188.5	188.75	4769800	
1/7/99	192.375	192.375	190.1875	190.1875	4153400	
1/8/99	191	192	187.25	187.25	4588400	
1/11/99	189.25	189.4375	189.25	189.25	3630800	
1/12/99	190	190	185.0625	185.0625	3381800	
1/13/99	187.4375	187.4375	185.5	185.5	4952700	
1/14/99	183.625	184.9375	180.625	180.625	4500000	
1/15/99	184.9375	184.9375	184.9375	184.9375	3394800	
1/18/99	NaN	NaN	NaN	NaN	NaN	
1/19/99	192.5	192.5	192.25	192.25	4199300	
1/20/99	195	199.25	194.5	194.5	6317300	
1/21/99	197.625	198	197	197	10202300	
1/22/99	NaN	185.5	177.625	179.75	19042500	
1/25/99	182	182	182	182	11687700	
1/26/99	186	186	185.625	185.625	9548500	
1/27/99	186	186	178	178	8916600	
1/28/99	179.5	181.3125	178.6875	178.6875	5970600	
1/29/99	NaN	183.938	178.5	183.25	5057900	
2/1/99	184.5	184.5	179.5	179.75	3703600	
2/2/99	NaN	180.688	175	176.75	5863600	
2/3/99	NaN	177	173.063	175.25	5598300	
2/4/99	NaN	176.5	169.25	169.563	5807600	
2/5/99	NaN	171	164.563	166	8478800	
2/8/99	NaN	168.875	163.125	167	5993300	
2/9/99	NaN	169.5	161.75	162.75	5405600	
2/10/99	NaN	168.875	162.5	168.875	5426700	
2/11/99	NaN	178.813	168.125	178.5	6282400	
2/12/99	NaN	176.25	171.188	172.75	5833100	
2/15/99	NaN	NaN	NaN	NaN	NaN	
2/16/99	175	178.25	172.5	172.5	4509900	
2/17/99	NaN	174.313	168.813	170.5	4488500	
2/18/99	NaN	174.5	170.188	174.25	4343900	
2/19/99	NaN	174.75	171	171.625	3696600	
2/22/99	177.9375	177.9375	177.9375	177.9375	4600100	
2/23/99	178	180	177.25	177.25	4554600	
2/24/99	NaN	179.688	173.125	173.75	4318700	
2/25/99	173.9375	173.9375	173.625	173.625	5234800	
2/26/99	NaN	171.875	166.5	169.75	7399000	
3/1/99	169.5	169.5	168.375	168.375	4795400	
3/2/99	NaN	170.938	166.875	167.75	4371800	
3/3/99	168.5	168.9375	166.75	166.75	3871500	
3/4/99	173.5	178	171	171	10750500	
3/5/99	178.9375	178.9375	178.25	178.25	5803100	
3/8/99	178.875	180	178.875	178.875	3779900	
3/9/99	184.875	184.875	182.1875	182.1875	5009500	
3/10/99	181.625	182.875	181.5	181.5	3504900	
3/11/99	182.87501	182.75	183.4375	178	4295600	
3/12/99	NaN	183.438	178	178	4841600	
3/15/99	182.3125	182.3125	182	182	3951400	
3/16/99	182	183.5	181	181	3303000	
3/17/99	179.625	180	178	178.0625	3457700	
3/18/99	177.625	177.625	177.625	177.625	7252500	
3/19/99	176.625	178	168	168.375	9748400	
3/22/99	168.75	170.5	167	167	5948300	
3/23/99	167	167.625	165.375	165.375	5007500	
3/24/99	170.5	170.5	169.5	169.5	5910500	
3/25/99	172	173.25	171.3125	171.3125	4914400	
3/26/99	175.875	175.875	172.375	172.375	4133200	
3/29/99	178.75	178.75	177.875	177.875	4049100	
3/30/99	181.25	181.25	178.5625	178.5625	3733400	
3/31/99	180	181.5	177.25	177.25	2917600	
4/1/99	177.375	177.6875	177	177	2655400	
						
						
