Whirlpool	(WHR)				
Dates	Open	High	Low	Close	Volume
1/3/95	50.25	50.875	50.125	50.375	159000
1/4/95	50	50.125	49.625	49.75	365800
1/5/95	50	50	49.25	49.875	410500
1/6/95	50	50.25	49.875	50.25	192900
1/9/95	49.875	50.375	49.625	50.375	180800
1/10/95	51.25	51.25	50.25	50.25	157800
1/11/95	50.375	50.625	49.75	49.75	266000
1/12/95	49.875	50.125	49.25	49.875	70000
1/13/95	50	50.25	49.75	50.125	128000
1/16/95	50.25	50.375	50	50	228200
1/17/95	51	51	50	50.625	196200
1/18/95	50.5	51	50.125	50.125	369700
1/19/95	50.25	50.5	50	50.5	254300
1/20/95	50.5	51.25	50.5	50.5	183400
1/23/95	49.875	50.375	49.75	50	250400
1/24/95	50	50.25	49.75	50	190600
1/25/95	50.375	50.75	49.875	50.5	175500
1/26/95	50.125	51.25	50	50.125	185000
1/27/95	50.375	50.875	50.25	50.5	122700
1/30/95	50.5	50.625	49.625	49.75	240700
1/31/95	49.5	50.125	49.375	49.875	291500
2/1/95	50.125	50.75	49.875	50.5	334900
2/2/95	50.875	51	50.5	50.75	288100
2/3/95	51.125	51.5	51	51.375	355400
2/6/95	51.875	52.625	51.625	52.25	205800
2/7/95	52.25	52.875	52.125	52.5	231000
2/8/95	52.5	53.375	52.5	52.75	419200
2/9/95	53.25	53.375	52.375	53.375	328800
2/10/95	53.625	53.75	52.25	53	172900
2/13/95	52.75	53	52.5	53	287300
2/14/95	53.875	53.875	52.75	53	197800
2/15/95	53.25	53.375	53	53.25	229100
2/16/95	53	53.125	53	53	86900
2/17/95	53.125	53.75	53	53.625	130500
2/20/95	NaN	NaN	NaN	NaN	NaN
2/21/95	53.25	53.875	52.75	53.625	245600
2/22/95	53.625	54.25	53.5	54.125	210200
2/23/95	54.625	54.75	54.125	54.5	404800
2/24/95	54.5	54.625	54	54.625	221200
2/27/95	54.25	54.875	54	54.375	190100
2/28/95	54.375	54.5	54.25	54.375	108200
3/1/95	54.5	54.625	54.375	54.5	147100
3/2/95	54.125	54.375	53.875	54.25	225100
3/3/95	54	54	53.625	53.75	199400
3/6/95	53.25	53.625	53.125	53.375	108500
3/7/95	52.5	53.25	51.75	52	303900
3/8/95	52.125	52.375	51.75	52	359700
3/9/95	51.625	52	51.5	51.625	210000
3/10/95	52	53.25	51.5	53.125	158100
3/13/95	53	53.25	52.75	52.75	67400
3/14/95	53	53.375	52.75	53	124900
3/15/95	52.75	53.375	52.5	52.875	213500
3/16/95	53.125	53.625	52.625	53.5	121900
3/17/95	53.625	54	53.625	54	269700
3/20/95	53.75	53.875	53.125	53.625	99900
3/21/95	53.5	54	52.375	52.5	290700
3/22/95	52.375	53	51.625	53	268900
3/23/95	52.125	53	52.125	52.625	207900
3/24/95	52.625	54.25	52.5	53.125	245200
3/27/95	53.125	53.375	52.875	53.125	131200
3/28/95	53.375	54	53.125	54	192400
3/29/95	54.25	55.5	54.125	54.75	394900
3/30/95	54.875	54.875	54.5	54.75	168300
3/31/95	54.625	54.875	54	54.75	139300
4/3/95	54.875	55.25	54.75	54.875	144000
4/4/95	54.75	55	53.875	54.875	275000
4/5/95	54.625	55	54.5	55	213700
4/6/95	55	55.375	54.625	54.75	139200
4/7/95	54.75	55.125	54.375	55.125	102600
4/10/95	55.25	55.375	55	55.125	297000
4/11/95	54.75	55.125	54.5	55	152200
4/12/95	55.125	55.25	54.75	55	397900
4/13/95	53.25	54.375	53.125	53.75	559300
4/14/95	NaN	NaN	NaN	NaN	NaN
4/17/95	53.75	54.375	53.5	54.25	225400
4/18/95	54.25	54.75	54.125	54.25	123600
4/19/95	54.125	55.5	54.125	54.875	95400
4/20/95	56.125	56.25	55	56.125	186900
4/21/95	56.5	57.25	56.375	56.375	384600
4/24/95	55.875	56.5	55.75	56.5	176400
4/25/95	56.125	56.5	55.25	56.125	196100
4/26/95	56	56.125	54.875	55.375	97400
4/27/95	54.75	55.125	54.75	55.125	135000
4/28/95	54.875	55.375	54.5	54.75	115700
5/1/95	54.875	54.875	54.625	54.875	123200
5/2/95	54.25	54.75	53.875	54	264600
5/3/95	54.25	54.25	53.625	53.75	312100
5/4/95	53.875	53.875	53.5	53.625	199400
5/5/95	53.625	53.625	52.375	52.5	354600
5/8/95	53.5	54	52.375	54	396500
5/9/95	54.875	55.25	49.875	50	2692100
5/10/95	50.375	52.625	49.875	52.5	1754200
5/11/95	52.5	53.25	51.5	51.625	729400
5/12/95	51.375	52.875	51.375	52.875	634500
5/15/95	52.75	54.375	52.75	54.25	509500
5/16/95	55.25	56.375	55.125	55.75	849900
5/17/95	55.75	56.125	55.375	56	658900
5/18/95	55.75	56	54.875	55	584500
5/19/95	54.25	54.75	54	54.75	212700
5/22/95	54.75	55.375	54.25	54.375	240300
5/23/95	54.625	55	54.375	55	336000
5/24/95	55.625	56.25	55.5	56	361700
5/25/95	56	56.25	55.5	55.875	410500
5/26/95	55.625	55.875	55.375	55.75	366100
5/29/95	NaN	NaN	NaN	NaN	NaN
5/30/95	55.875	56.375	55.875	56.25	322000
5/31/95	56.25	57.125	56	57.125	311200
6/1/95	56.875	58.25	56.625	57.375	746300
6/2/95	56.75	57.625	56.5	57	536900
6/5/95	56.5	56.625	56.25	56.625	553200
6/6/95	57.375	57.875	57.25	57.625	600000
6/7/95	57.375	57.375	56.875	57.25	282400
6/8/95	57.125	57.875	57.125	57.875	271000
6/9/95	57.625	57.625	56.25	56.25	222800
6/12/95	56.5	57.625	56.375	57.625	241400
6/13/95	57.375	57.75	57.125	57.375	290400
6/14/95	57.375	57.625	57.125	57.375	441200
6/15/95	57	57.5	56.875	57.25	293700
6/16/95	56.75	57.375	56.75	57	360700
6/19/95	56.75	56.875	55.125	55.125	291000
6/20/95	55.125	56.125	54.125	55.25	713100
6/21/95	53.5	53.625	52	53.375	1316600
6/22/95	53.25	53.75	52.75	53.5	1014700
6/23/95	53.5	54.625	53	54.625	288300
6/26/95	53.875	55.75	53.875	55.625	377500
6/27/95	55.375	55.375	53.75	53.75	431100
6/28/95	53.5	54.125	53.25	53.75	372900
6/29/95	53.875	54.75	53.375	54.375	228300
6/30/95	54.75	55.75	54.5	55	377300
7/3/95	55.125	56.125	55	56.125	110900
7/4/95	NaN	NaN	NaN	NaN	NaN
7/5/95	55.875	56	55.75	55.75	403200
7/6/95	55.75	56.75	55.625	56.75	312800
7/7/95	57.125	58.375	57.125	57.875	602600
7/10/95	57.625	58	57.625	57.875	330400
7/11/95	57.875	58	57.5	57.75	168900
7/12/95	57.75	57.875	57.375	57.5	188100
7/13/95	57.5	57.625	56.75	56.875	220300
7/14/95	56.75	57	56.5	56.875	178500
7/17/95	56.875	56.875	56.625	56.75	165200
7/18/95	56.5	57	56.375	56.75	329500
7/19/95	56	57.125	55.625	56	309400
7/20/95	56	56.25	55.375	55.625	276900
7/21/95	55.875	56.5	55.5	56.25	250100
7/24/95	56.25	56.875	56.25	56.75	167600
7/25/95	57.25	57.75	56.875	57.125	260300
7/26/95	57.5	58.375	57.375	57.875	313100
7/27/95	58	58.375	57.625	58.25	153300
7/28/95	58	58.25	57.5	57.75	92400
7/31/95	57.625	57.875	57.375	57.75	110300
8/1/95	57.75	57.75	57.125	57.5	189500
8/2/95	57.5	57.625	57.125	57.25	213800
8/3/95	56.5	56.625	56.25	56.375	194400
8/4/95	56.375	57.25	56.375	57.25	151300
8/7/95	58	58	57.25	57.875	88300
8/8/95	57.75	58.125	57.5	57.75	175900
8/9/95	57.75	57.75	56.75	56.75	67100
8/10/95	56.5	56.5	54.5	55.375	625100
8/11/95	55.5	55.5	54.375	55.25	163000
8/14/95	55	56.25	54.875	56.25	169800
8/15/95	56	56.25	55.375	55.5	134600
8/16/95	55.5	56.125	55.25	55.5	395900
8/17/95	55.125	55.5	54.625	55.25	525300
8/18/95	55.5	55.625	55.125	55.125	159900
8/21/95	55.375	56.25	55.375	55.375	272800
8/22/95	55.25	56.125	55.25	55.75	143400
8/23/95	55.625	55.875	55.625	55.75	162800
8/24/95	55.75	55.875	55	55	266900
8/25/95	55	55.375	55	55.25	242900
8/28/95	55.125	55.125	54.75	55	171700
8/29/95	55	55.5	54.875	55.5	101300
8/30/95	55.125	55.375	54.875	55	225500
8/31/95	54.75	55.125	54.5	54.5	177100
9/1/95	54.375	55.375	54.375	55.375	92100
9/4/95	NaN	NaN	NaN	NaN	NaN
9/5/95	55.375	57.625	55.375	57.625	298900
9/6/95	57.75	58.125	57.25	57.5	232800
9/7/95	57.25	58.25	57	58.125	290800
9/8/95	58.125	59	57.75	59	229100
9/11/95	59	60.5	59	59.875	333500
9/12/95	60.25	60.375	59.75	59.875	243900
9/13/95	59.75	60.875	59.75	60.625	175900
9/14/95	60.375	60.5	59.375	59.75	128700
9/15/95	59.875	60	59.375	59.5	297800
9/18/95	59	60.25	58.75	59.25	124300
9/19/95	58.75	58.875	58.25	58.625	282300
9/20/95	58.75	59.5	58.375	59.5	143700
9/21/95	59	59	58	58.25	317300
9/22/95	58.125	58.25	57.625	58.125	399100
9/25/95	58	58.375	57.875	58.125	218300
9/26/95	57.5	57.75	57.125	57.25	199500
9/27/95	56.875	57.75	56.75	57.375	151100
9/28/95	57.5	58	56.625	58	202200
9/29/95	57.75	58.375	57.625	57.75	171600
10/2/95	57.875	58	57.5	57.75	114400
10/3/95	57.625	57.75	57	57.375	112600
10/4/95	57.125	57.5	55.875	56	146800
10/5/95	56	56.75	55.25	56.25	205400
10/6/95	56	56.625	55.5	56.375	110300
10/9/95	56.125	56.875	55.75	56.5	146300
10/10/95	56	56.125	54.75	55	236500
10/11/95	54.875	55	53.875	53.875	411600
10/12/95	54.25	55	53.75	54.25	199300
10/13/95	54.125	54.625	53.25	53.375	538500
10/16/95	53.5	53.5	52.375	52.375	414800
10/17/95	52.75	54	52.5	53.75	320300
10/18/95	53.25	54.625	53.25	54.625	389800
10/19/95	54.125	54.5	53.625	54	156000
10/20/95	53.25	53.5	52.375	52.375	204300
10/23/95	52	52.75	51.625	52.5	200100
10/24/95	52.75	52.875	52.125	52.625	241300
10/25/95	52.625	53.25	51.875	52	99400
10/26/95	51.875	52	50.75	51.125	398700
10/27/95	50.875	52.375	50.875	52	235300
10/30/95	53.5	53.5	52.625	52.875	254700
10/31/95	53	53.125	53	53	203500
11/1/95	53	53.125	52.5	52.75	138300
11/2/95	53	54.25	52.875	54.25	223400
11/3/95	54.25	54.25	53.25	53.25	114900
11/6/95	53.25	53.25	52.375	52.875	72200
11/7/95	52.625	52.875	52	52.25	81800
11/8/95	51.75	53.5	51.375	52.5	266800
11/9/95	52.5	53.375	52.5	53	151700
11/10/95	52.625	53.625	52.25	53	321700
11/13/95	53	53.25	52.875	53.25	207800
11/14/95	53	53.875	53	53.25	98200
11/15/95	53.125	53.75	53	53.75	236500
11/16/95	53.5	53.625	53.125	53.375	174100
11/17/95	54.125	54.25	53.75	54.125	257100
11/20/95	54	54.5	53.875	54.375	442000
11/21/95	54.25	55.125	54.125	54.875	238300
11/22/95	55.5	56.625	55.5	56.125	375400
11/23/95	NaN	NaN	NaN	NaN	NaN
11/24/95	56.125	56.25	56	56	76900
11/27/95	56	57.375	56	56.875	188600
11/28/95	56.875	57	56.125	56.25	153300
11/29/95	55.875	55.875	55	55.25	114700
11/30/95	55.5	55.875	55.125	55.5	145000
12/1/95	55.375	56.625	55.375	55.625	87700
12/4/95	55.375	55.625	55	55.25	110900
12/5/95	55.25	56.375	55.125	56.25	129000
12/6/95	56.375	57.875	56.25	57.25	180600
12/7/95	56.75	56.75	55.125	55.375	165600
12/8/95	55.375	55.5	54	54.25	305900
12/11/95	54.5	55.125	54.25	54.25	137600
12/12/95	54.25	54.625	54.25	54.375	209700
12/13/95	54.5	55.375	54.5	55.125	291800
12/14/95	55.5	55.75	54.875	55.25	262200
12/15/95	55.25	55.25	54.625	54.75	378300
12/18/95	54.375	54.375	53.5	54.25	312200
12/19/95	52.75	53.25	51.875	53.125	1026900
12/20/95	53	53	52.5	52.625	444900
12/21/95	52.375	53	52.25	53	478300
12/22/95	52.875	53.125	52.875	53	171600
12/25/95	NaN	NaN	NaN	NaN	NaN
12/26/95	53	53.125	52.75	52.75	67300
12/27/95	52.75	53	52.625	53	109100
12/28/95	53	53.125	52.625	53	261200
12/29/95	52.875	53.375	52.75	53.25	167200
1/1/96	NaN	NaN	NaN	NaN	NaN
1/2/96	53.125	54.625	52.875	54.125	132200
1/3/96	54.75	55.5	54.75	55.25	253000
1/4/96	55.125	55.5	54.5	54.5	151500
1/5/96	54.25	54.375	53.5	53.5	208300
1/8/96	53.375	53.625	53.25	53.5	30200
1/9/96	53.5	53.625	53	53.125	167500
1/10/96	52.875	53.25	52.25	52.25	118000
1/11/96	52.25	53.25	52.25	52.875	257700
1/12/96	53.125	53.125	51.875	52.625	164200
1/15/96	52.75	53.25	52.75	53.125	73900
1/16/96	53.125	53.125	51.5	52	489600
1/17/96	52.25	53	52.25	52.5	202600
1/18/96	52.625	52.75	51.5	51.625	288300
1/19/96	50.75	51.375	50.125	50.875	556700
1/22/96	51	52.125	50.875	52.125	339300
1/23/96	51.875	52.5	51.75	51.875	360800
1/24/96	51.875	52.375	51.875	52.25	147600
1/25/96	52.125	52.5	51.625	52	127400
1/26/96	52	52.25	51.75	51.875	135600
1/29/96	52	52.5	51.75	51.875	155800
1/30/96	51.75	53	51.375	52.875	332400
1/31/96	52.5	54.625	52.5	54.625	420800
2/1/96	53.75	57	53.625	57	1274700
2/2/96	56.75	56.875	55.625	55.75	265600
2/5/96	55.5	56.25	55.125	56	277000
2/6/96	55.625	55.875	55.375	55.75	246000
2/7/96	55.75	56.375	55.25	56.375	256500
2/8/96	56.125	56.5	56	56.125	236000
2/9/96	56	56.375	55.5	56	343500
2/12/96	55.875	56	55.625	55.875	138300
2/13/96	55.625	55.75	55.25	55.375	248600
2/14/96	55.5	55.5	55.125	55.25	198700
2/15/96	55	55.25	54.5	54.5	431000
2/16/96	54.375	55.125	54.25	55.125	332600
2/19/96	NaN	NaN	NaN	NaN	NaN
2/20/96	55.125	55.25	54.5	54.875	362700
2/21/96	54.625	54.875	54.375	54.75	152400
2/22/96	54.75	55	54.375	55	312100
2/23/96	55.25	55.75	54.875	55.75	289900
2/26/96	55.5	55.75	55	55	233800
2/27/96	55.125	55.5	54.625	54.625	329000
2/28/96	54.625	55.375	54.625	55	415100
2/29/96	54.75	55.625	54.75	55.625	405400
3/1/96	55.375	55.5	54.5	55	321500
3/4/96	55.125	56	55.125	55.125	285600
3/5/96	55	55.5	55	55.375	204900
3/6/96	54.75	55.75	54.75	55.625	277300
3/7/96	55.75	56.375	55.75	56.25	232000
3/8/96	55.875	55.875	54.5	55.25	262700
3/11/96	55.5	57	55	56.875	248400
3/12/96	56.5	58.75	56.5	57.875	488600
3/13/96	58	58.375	57.625	58.375	342800
3/14/96	58.125	58.375	57.875	58.25	285500
3/15/96	58.25	58.375	57.875	58.375	317600
3/18/96	58.375	59	58.125	59	343300
3/19/96	59.125	59.5	58.625	59.375	282500
3/20/96	59.25	59.25	57.875	58	211400
3/21/96	58	58.625	57.75	58.125	167800
3/22/96	58.125	58.25	57.25	57.25	298500
3/25/96	57.25	57.375	56.625	57.125	277400
3/26/96	57.25	57.25	56	56.125	281600
3/27/96	56.375	57.25	56.25	56.875	597300
3/28/96	56.625	57.125	56.375	57	250100
3/29/96	57.125	57.125	55.25	55.25	544900
4/1/96	55.5	55.625	55	55	502500
4/2/96	55.125	55.125	54	54	220200
4/3/96	54.125	58.125	53.75	57.125	672700
4/4/96	57	57.375	56.25	57.25	553600
4/5/96	NaN	NaN	NaN	NaN	NaN
4/8/96	56.5	57	56.125	56.5	256000
4/9/96	56.5	57.125	56.5	57	347600
4/10/96	56.75	58.25	56.75	58	329300
4/11/96	57.875	58	57	57.75	339200
4/12/96	57.75	58.25	57.625	57.625	164100
4/15/96	57.75	58.75	57	58.625	462900
4/16/96	58.25	59.125	58.25	59	259600
4/17/96	58.75	59.125	58.25	58.625	213500
4/18/96	58.375	58.625	57.75	57.75	276600
4/19/96	57.875	58	57.5	57.875	190900
4/22/96	57.75	59	57.75	59	240600
4/23/96	59	60.125	59	59.875	446100
4/24/96	59.625	60.25	59.625	60.125	272900
4/25/96	59.875	61.375	59.875	60.75	426700
4/26/96	60.5	61	60.125	60.125	147400
4/29/96	60	60.625	59.875	60.625	258300
4/30/96	60.375	60.375	60	60.125	109800
5/1/96	59.5	60.625	59.25	60.375	438500
5/2/96	59.75	60.375	59.375	59.5	430500
5/3/96	59.75	60.375	59.5	59.875	266000
5/6/96	59.875	59.875	58.875	59.125	162200
5/7/96	59.125	59.125	58.125	58.75	246900
5/8/96	58.375	58.5	57.25	58.5	239600
5/9/96	58.25	58.75	57.75	58	217800
5/10/96	58.375	59.125	58.25	58.75	450100
5/13/96	58.75	58.875	58.375	58.625	575800
5/14/96	58.25	58.625	58.125	58.25	428400
5/15/96	58.125	58.875	57.375	57.75	334900
5/16/96	57.625	57.875	57.25	57.375	206100
5/17/96	57.125	57.25	56.75	57	536600
5/20/96	57.25	58.25	57.25	57.625	384100
5/21/96	58	58	56.25	56.25	190600
5/22/96	56	57.125	55.875	56.875	644900
5/23/96	57.125	57.75	56.75	56.75	379600
5/24/96	56.875	57.625	56.875	57	300900
5/27/96	NaN	NaN	NaN	NaN	NaN
5/28/96	57	57.5	56.875	57	330300
5/29/96	57	57.25	56.25	56.25	160000
5/30/96	56	56.5	55.75	56.25	220000
5/31/96	56.5	57.125	55.75	56.875	221100
6/3/96	56.875	56.875	56.25	56.625	290100
6/4/96	57	57	56.25	56.25	126900
6/5/96	56	56	55	55.25	395400
6/6/96	54.5	54.5	52.25	52.625	1185100
6/7/96	51.5	52.5	51.375	52.5	1539200
6/10/96	52.875	52.875	52.125	52.5	306900
6/11/96	52.375	52.875	51.125	51.375	758200
6/12/96	51.625	52.125	51.25	51.75	517400
6/13/96	51.75	52	50.75	51	298700
6/14/96	50.875	51.5	50.875	51.125	270800
6/17/96	51.25	51.25	50.875	50.875	114800
6/18/96	50.875	50.875	50	50.125	304200
6/19/96	50.125	50.75	50.125	50.375	358000
6/20/96	50.625	50.75	49.875	49.875	338400
6/21/96	50.25	50.25	49.625	49.75	418800
6/24/96	50	50.375	49.25	49.625	208800
6/25/96	50	50.375	48.625	49	375800
6/26/96	48.625	50	48	50	499100
6/27/96	49.75	49.875	49.375	49.875	331600
6/28/96	50	50.125	49.375	49.625	366900
7/1/96	50.75	51	50.125	51	221300
7/2/96	51	53.125	51	52	736400
7/3/96	52.125	52.25	51.125	51.375	213500
7/4/96	NaN	NaN	NaN	NaN	NaN
7/5/96	50.625	50.75	50.25	50.375	116900
7/8/96	50.125	50.5	49.625	49.75	118000
7/9/96	50.25	51.125	50.125	50.625	411300
7/10/96	50.625	50.625	49.375	50.125	309500
7/11/96	50.375	50.375	49.125	49.625	129300
7/12/96	49.25	50	49.125	49.875	208300
7/15/96	49.875	50.125	49.25	49.75	319500
7/16/96	50.375	50.75	48.625	49.875	641200
7/17/96	50	50.125	49.625	49.875	175900
7/18/96	49.875	51	49.75	50.25	285500
7/19/96	50	50	48.875	49.125	363400
7/22/96	49.125	49.125	48.75	49	350400
7/23/96	49	49.125	48.625	49	341400
7/24/96	48.5	48.5	47.875	48.5	301500
7/25/96	48.5	49.125	48.5	48.875	139000
7/26/96	48.875	49.625	48.875	49.25	96500
7/29/96	49.125	49.75	49	49.25	87700
7/30/96	49.25	49.875	48.875	49.875	100300
7/31/96	49.5	49.75	49	49.25	190700
8/1/96	49	50.5	49	50.5	196500
8/2/96	50.375	51.5	50	51	223900
8/5/96	51	51	50	50.125	132600
8/6/96	49.875	50.125	49.625	50.125	119500
8/7/96	49.75	50.375	49.625	49.625	192500
8/8/96	50	50.75	49.625	50.375	120200
8/9/96	50.125	50.75	49.625	49.875	170300
8/12/96	49.75	50.125	49.5	50	59100
8/13/96	49.75	49.875	49.625	49.75	42700
8/14/96	49.625	49.875	49.625	49.875	65900
8/15/96	49.875	49.875	49.5	49.75	52200
8/16/96	49.625	50	49.5	49.875	155800
8/19/96	50	50	49.5	49.875	78300
8/20/96	49.75	50.125	49.75	49.875	298600
8/21/96	49.875	49.875	49.375	49.375	164500
8/22/96	49.375	50.25	49.25	50	147300
8/23/96	49.875	50.25	49.75	50	225600
8/26/96	50	50.125	49.75	50	154000
8/27/96	49.875	50	49.625	49.875	47300
8/28/96	49.375	49.625	49	49.125	138600
8/29/96	49	49.125	48.75	48.875	137300
8/30/96	49.25	49.25	48.75	49	68500
9/2/96	NaN	NaN	NaN	NaN	NaN
9/3/96	48.25	49.125	47.875	48.875	196000
9/4/96	48.875	48.875	48.5	48.875	495800
9/5/96	48.625	49.5	48.375	48.625	200100
9/6/96	48.625	49.5	48.625	49.25	284000
9/9/96	49.375	50	49.25	49.625	112300
9/10/96	49.75	49.75	49.375	49.625	329500
9/11/96	49.375	50	49.375	50	87800
9/12/96	50	50.625	50	50.125	142000
9/13/96	50.25	51.25	50.25	51	266700
9/16/96	50.875	51.375	50.875	51.25	153800
9/17/96	51.25	51.5	50.875	51.25	785800
9/18/96	51.25	51.5	51.125	51.125	199900
9/19/96	51	51.5	50.875	51.25	463700
9/20/96	51.375	52	51.25	51.875	508700
9/23/96	51.75	52.25	51.625	52.125	192300
9/24/96	52	52.875	52	52.5	244700
9/25/96	52.5	52.625	52.25	52.5	135100
9/26/96	52.375	52.625	52.125	52.125	180100
9/27/96	50.25	50.875	49.375	50.5	931700
9/30/96	50.125	50.75	49.875	50.625	329200
10/1/96	50	50.875	50	50.625	383400
10/2/96	50.375	50.75	50.125	50.25	429600
10/3/96	50.375	50.375	49.5	49.875	129100
10/4/96	49.875	50.125	49.5	49.625	197900
10/7/96	49.875	49.875	48.875	49.25	353400
10/8/96	49.5	49.75	49.375	49.375	128500
10/9/96	49.25	49.375	49	49.125	294600
10/10/96	49	49.375	48.625	48.625	340200
10/11/96	48.625	49	48.5	48.625	273000
10/14/96	48.625	48.75	48.5	48.625	158200
10/15/96	48.375	48.625	48.25	48.375	158600
10/16/96	48.625	49	48.5	49	230800
10/17/96	48.875	49.375	48.875	49	157600
10/18/96	49.125	49.125	48.375	48.5	286900
10/21/96	48.25	48.875	48.25	48.875	232200
10/22/96	48.625	48.75	48	48.375	431600
10/23/96	48.125	48.125	47.5	47.5	248600
10/24/96	47.375	47.75	47	47.375	239000
10/25/96	47.25	47.375	46.75	47.125	317100
10/28/96	47	47.875	47	47.375	143600
10/29/96	47.75	47.875	47.5	47.5	548300
10/30/96	47.75	47.75	46.75	47	359500
10/31/96	46.875	47.25	46.875	47.25	187000
11/1/96	47.375	47.625	46.875	46.875	89100
11/4/96	46.875	47	46.5	46.5	190900
11/5/96	46.5	47	46.5	46.875	233800
11/6/96	46.75	47.625	46.75	47.5	125000
11/7/96	47.25	48	47.25	47.875	89800
11/8/96	47.375	47.875	46.625	46.875	89600
11/11/96	47.125	47.75	47	47.25	97200
11/12/96	47.375	47.375	46.5	46.625	321800
11/13/96	46.25	46.375	45.75	45.875	317000
11/14/96	44.75	46	44.75	46	580300
11/15/96	47	47.5	46.625	46.875	510700
11/18/96	46.875	47	46.625	46.875	242900
11/19/96	47.125	47.25	46.875	47	471100
11/20/96	47.125	47.375	46.625	47	114800
11/21/96	47.125	48.125	47.125	48	273600
11/22/96	47.625	49.5	47.5	49.5	319700
11/25/96	49	49.5	49	49.375	254200
11/26/96	49.5	50.375	49.375	50.25	790900
11/27/96	49.75	50	49.5	49.625	637900
11/28/96	NaN	NaN	NaN	NaN	NaN
11/29/96	49.875	50.125	49.875	50	55900
12/2/96	49.75	49.875	48.5	49.625	129000
12/3/96	49.375	50	48.75	48.875	231800
12/4/96	48.875	48.875	48.25	48.375	160100
12/5/96	48.125	48.375	48	48.125	150000
12/6/96	48	48	47.25	47.5	219900
12/9/96	47.75	48.875	47.75	48.75	150700
12/10/96	48.875	48.875	48.125	48.625	163000
12/11/96	47.75	48.125	47.125	47.5	213700
12/12/96	47.375	47.5	45.75	45.875	205900
12/13/96	46.125	46.625	45.375	46	238700
12/16/96	46.25	46.375	45.125	45.125	387300
12/17/96	45	45.375	44.5	44.75	594600
12/18/96	45	45.25	44.25	44.625	460500
12/19/96	44.625	45.25	44.5	44.75	681200
12/20/96	44.5	46.125	44.25	45.875	1367100
12/23/96	45.875	46	45.75	45.875	403300
12/24/96	45.875	46	45.75	45.875	71100
12/25/96	NaN	NaN	NaN	NaN	NaN
12/26/96	45.875	46.375	45.875	46.25	204000
12/27/96	46.375	46.625	46.25	46.5	103500
12/30/96	46.625	47.125	46.625	46.875	279000
12/31/96	46.75	46.875	46.625	46.625	259400
1/1/97	NaN	NaN	NaN	NaN	NaN
1/2/97	46.5	46.75	46	46.75	205200
1/3/97	47	49	46.875	49	529800
1/6/97	49	49.5	48.875	49	446200
1/7/97	48.75	48.875	48	48.625	191100
1/8/97	48.625	49	48	48.25	155700
1/9/97	48.375	49.875	48.375	49.875	278800
1/10/97	49.625	49.75	49.125	49.75	340900
1/13/97	50	50.125	49.625	49.75	228800
1/14/97	49.75	49.875	49.625	49.75	187600
1/15/97	49.5	49.625	49.375	49.625	128100
1/16/97	49.625	49.75	49.25	49.375	105400
1/17/97	49.375	49.625	49.125	49.5	185800
1/20/97	49.375	49.875	49.375	49.5	63800
1/21/97	49.25	50.5	49	50.25	491000
1/22/97	50.25	51.5	50.125	51.375	398800
1/23/97	51.875	52	50.375	50.625	401600
1/24/97	50.125	50.625	50.125	50.625	308600
1/27/97	50.75	51.25	50.625	51.25	325900
1/28/97	51.25	51.875	51	51.375	306900
1/29/97	51.125	51.625	51.125	51.375	237200
1/30/97	51.375	51.5	50.75	50.875	297100
1/31/97	50.875	51.125	50.625	50.875	265900
2/3/97	50.625	50.75	50	50.375	147800
2/4/97	50.625	50.625	50	50.125	121700
2/5/97	50.125	50.75	49.375	49.625	143200
2/6/97	49.625	50.25	49.375	50.125	180900
2/7/97	50.375	51.25	50.25	51.125	342000
2/10/97	51.375	52.25	51.125	51.375	290400
2/11/97	51.5	51.625	50.5	50.875	142100
2/12/97	51	52.5	51	52	261600
2/13/97	52.25	52.25	51.375	51.75	349200
2/14/97	51.875	51.875	50.625	50.75	293000
2/17/97	NaN	NaN	NaN	NaN	NaN
2/18/97	50.625	50.625	49.875	50.375	352300
2/19/97	50.125	50.5	49.875	50	219100
2/20/97	50.125	50.5	49.875	50.125	187700
2/21/97	50.125	50.375	50	50.125	111100
2/24/97	49.875	50.875	49.75	50.875	220700
2/25/97	50.75	50.875	50	50.125	119700
2/26/97	50.125	50.25	49.25	50.25	284500
2/27/97	49.875	51.25	49.875	50.375	118900
2/28/97	50.5	51	50.125	50.5	302300
3/3/97	50.5	50.625	49.875	50.375	160900
3/4/97	50.5	50.75	50	50	140200
3/5/97	50.125	50.5	49.75	50	281700
3/6/97	50	50	49	49.625	159300
3/7/97	49.625	49.625	48.75	49.125	185400
3/10/97	48.875	49.25	48.75	49.25	302400
3/11/97	49.25	49.875	49.25	49.625	203400
3/12/97	49.875	50.875	49.875	50.75	430500
3/13/97	50.5	50.5	50.125	50.25	224500
3/14/97	50.5	51	50.375	50.375	446000
3/17/97	50.375	50.75	49.75	50.75	200200
3/18/97	50.875	51.5	50.75	51	303800
3/19/97	50.5	51	50.375	50.5	202500
3/20/97	50.5	50.5	50.125	50.5	98000
3/21/97	50.75	50.75	50.125	50.125	177400
3/24/97	50.125	50.75	50	50.125	96100
3/25/97	50.125	50.125	49.25	49.75	126000
3/26/97	50	50	49.5	49.5	97000
3/27/97	49.5	49.75	48.125	48.625	93700
3/28/97	NaN	NaN	NaN	NaN	NaN
3/31/97	48.5	48.5	47.625	47.625	165900
4/1/97	47.375	47.75	46.625	46.625	115100
4/2/97	46.5	46.75	46.5	46.75	238700
4/3/97	46.625	46.625	46.25	46.25	122800
4/4/97	46	46.25	45.75	46.25	145900
4/7/97	46.25	46.25	45.875	46	150800
4/8/97	46	47.125	45.625	47.125	254500
4/9/97	47.125	47.625	46.375	46.5	137800
4/10/97	46.375	46.75	46.25	46.625	92000
4/11/97	46.125	46.375	46	46.125	101200
4/14/97	46.125	46.125	45.25	45.5	194400
4/15/97	45.5	46	45.5	45.75	443700
4/16/97	46	46.75	45.75	46.625	443400
4/17/97	46.875	48	46.875	47.5	418700
4/18/97	47.625	47.75	46.75	47	217800
4/21/97	47.25	47.25	45.75	46	135800
4/22/97	46	46	45.25	45.25	177500
4/23/97	45.375	46.375	45.375	46.25	269000
4/24/97	46.25	46.375	46	46	91100
4/25/97	46.125	46.25	45.5	45.875	70300
4/28/97	46	46.375	46	46.375	102600
4/29/97	46.375	46.75	46.375	46.75	127500
4/30/97	46.625	46.75	46.625	46.75	124800
5/1/97	46.5	46.5	46	46	197200
5/2/97	46.25	46.875	46.125	46.875	351200
5/5/97	46.875	47.875	46.75	47.875	153000
5/6/97	48	48.75	48	48.375	227900
5/7/97	48.5	48.75	47.875	48.25	203400
5/8/97	48.25	48.875	48	48.25	127000
5/9/97	48.5	48.5	47.75	48.25	99600
5/12/97	48.375	49.375	48.375	48.625	109000
5/13/97	48.75	49	48.125	48.75	137200
5/14/97	48.625	49.375	48.625	49.125	394400
5/15/97	49.125	49.75	49.125	49.625	127600
5/16/97	49.75	50	49.375	49.5	232600
5/19/97	49.5	49.75	49.125	49.25	66500
5/20/97	49	49.625	48.75	49.25	95400
5/21/97	49.375	49.75	49	49.5	80400
5/22/97	49.625	50.125	49	49.875	112400
5/23/97	49.875	50.125	49.5	49.875	75000
5/26/97	NaN	NaN	NaN	NaN	NaN
5/27/97	49.625	50.125	49.5	49.75	81500
5/28/97	49.5	50	49.375	49.875	67200
5/29/97	49.875	50	49.25	50	267300
5/30/97	50	50.25	49.75	49.875	253300
6/2/97	49.875	50.875	49.625	50.25	168800
6/3/97	50	50.75	49.875	50.625	131300
6/4/97	50.375	50.625	49.5	49.625	236100
6/5/97	49.5	50.375	49.375	50.375	114900
6/6/97	50.5	52	50.5	52	287700
6/9/97	52	52.25	51.625	51.875	143500
6/10/97	51.75	52.125	51.25	51.5	173600
6/11/97	51.375	53	51.375	52.75	163800
6/12/97	53	53.625	52.625	53	509900
6/13/97	53.125	53.375	52.625	52.75	284700
6/16/97	53	53.875	52.875	53.75	215200
6/17/97	53.875	54.5	53.625	54.25	211300
6/18/97	54.5	54.5	53.5	53.625	187900
6/19/97	53.5	54	53.25	53.75	249900
6/20/97	53.875	54.375	53.875	54.375	347500
6/23/97	54.125	54.25	53.125	53.25	163500
6/24/97	53.25	53.25	52.75	53	287200
6/25/97	53	53.875	53	53.375	232200
6/26/97	53.625	54.375	53.25	53.625	211700
6/27/97	53.75	54.875	53.5	54.5	170200
6/30/97	54.375	55.25	53.625	54.625	325700
7/1/97	54.625	54.75	54.25	54.5	407700
7/2/97	54.1875	54.5	53.75	54	314400
7/3/97	54.5	55.5	54.25	54.75	256300
7/4/97	NaN	NaN	NaN	NaN	NaN
7/7/97	55	55.125	54.125	54.25	208300
7/8/97	54	54	53.375	53.5625	414500
7/9/97	53.625	53.8125	52.5	52.5	295200
7/10/97	52.5	53.25	51.25	53.25	625000
7/11/97	53.375	53.5	52.375	53.25	196500
7/14/97	53.0625	53.0625	52.5	52.625	184900
7/15/97	52.4375	52.4375	51.375	51.625	257700
7/16/97	51.625	51.875	50.125	50.25	514400
7/17/97	50	50.5	49	50	567600
7/18/97	49.875	49.875	48.625	49.375	271700
7/21/97	49.25	49.375	48.25	48.25	254000
7/22/97	48	49	48	48.625	542000
7/23/97	48.875	49.5	48.75	49.5	479000
7/24/97	49.25	49.375	48.625	48.75	223500
7/25/97	48.5	48.625	48.25	48.375	472900
7/28/97	48.25	49	48.25	49	630100
7/29/97	49	49.375	48.5	49.25	536000
7/30/97	49.25	50.625	49.25	50.125	949400
7/31/97	50.375	51.25	49.875	50	1014100
8/1/97	50	50.25	49.875	50	612400
8/4/97	50	50.125	49.75	49.875	635600
8/5/97	50.125	50.75	50	50.625	385100
8/6/97	50.625	51.625	50.5	51.5	649000
8/7/97	53.75	55.375	52.875	54.375	1082800
8/8/97	54.125	55.375	54	55	1562800
8/11/97	55	58.75	54.875	56.375	1026100
8/12/97	56.375	56.375	54.75	55.375	384700
8/13/97	55.5	55.625	52.875	53.125	330000
8/14/97	54.375	55	53.375	54	634400
8/15/97	54.5	56	54	55.25	983000
8/18/97	55.375	56.5	55	56.5	307100
8/19/97	56.375	57.125	56.25	56.75	575600
8/20/97	56.75	57.625	56.75	57.375	374000
8/21/97	57.5	58.125	57.25	58	292900
8/22/97	57.375	57.5	56.375	56.875	902800
8/25/97	56.8125	57.875	56.75	57.875	458900
8/26/97	57.625	59.125	57.5	59	1029600
8/27/97	58.75	59.25	58.625	58.875	737700
8/28/97	58.375	58.5	57.5	57.75	296100
8/29/97	57.75	57.875	57	57.25	122500
9/1/97	NaN	NaN	NaN	NaN	NaN
9/2/97	57.0625	57.3125	57	57.125	480000
9/3/97	57.125	57.3125	56.9375	57.1875	421500
9/4/97	57.25	57.375	56.9375	57.125	219700
9/5/97	57.125	57.25	57.0625	57.125	223000
9/8/97	57.125	57.375	57.0625	57.3125	191200
9/9/97	57.1875	57.3125	56.75	56.8125	423900
9/10/97	56.5625	56.8125	54.75	55.1875	659100
9/11/97	55.0625	55.1875	52.625	53.375	1745300
9/12/97	53.625	53.9375	53.125	53.9375	388000
9/15/97	54.4375	54.4375	53.75	54.375	257800
9/16/97	54.625	56.375	54.5	56	497600
9/17/97	56.375	57.9375	55.5	56.8125	1194200
9/18/97	60	66.375	59.625	64.875	3291500
9/19/97	65.125	65.875	64.0625	65.0625	1496500
9/22/97	65	67	65	67	623500
9/23/97	66.125	69.5	65.125	69.375	579400
9/24/97	68.0625	68.5	67.25	68.125	539200
9/25/97	67	68.25	66.0625	66.25	331200
9/26/97	66.0625	66.25	65.5	66.25	273400
9/29/97	65.375	67	65	66.1875	175300
9/30/97	65.6875	66.6875	65.4375	66.3125	268100
10/1/97	65.8125	66.3125	65.1875	66.25	227600
10/2/97	66	66.25	64.4375	65.3125	124300
10/3/97	66.1875	66.25	63.625	65.1875	147000
10/6/97	65.4375	66.375	64.9375	65	148700
10/7/97	65.125	66.1875	64.75	65.5625	211600
10/8/97	65.5625	66.9375	65.1875	66.625	291100
10/9/97	65.5	66.75	65.125	66.6875	181100
10/10/97	65.9375	66.1875	65.375	65.6875	85000
10/13/97	65.6875	66.4375	65.6875	65.9375	179900
10/14/97	66	66.125	65.6875	65.9375	112100
10/15/97	66.3125	66.375	65.75	65.875	158100
10/16/97	65.875	66.9375	65.75	66	113900
10/17/97	66	66	64.5	64.5625	262200
10/20/97	63.3125	64.3125	62.3125	63.875	306600
10/21/97	63	64.4375	63	64.125	186200
10/22/97	64.25	64.5	63.4375	64.4375	128200
10/23/97	64.0625	64.1875	62.5	62.5	176600
10/24/97	62.75	63.5625	62.375	62.6875	186000
10/27/97	63.375	63.4375	57.125	57.125	188100
10/28/97	56.625	60.25	54.75	60.1875	465100
10/29/97	60.0625	61.25	59.125	60.8125	313100
10/30/97	60	60.9375	59.875	60.5	128900
10/31/97	60.3125	60.75	59.875	60.625	230600
11/3/97	62.125	62.25	61.125	61.125	411600
11/4/97	61.3125	61.3125	60.8125	61	345200
11/5/97	61	61	59.375	59.4375	127100
11/6/97	59.375	59.9375	59.3125	59.5	477700
11/7/97	59	59.375	55	55.5	452000
11/10/97	56.0625	57	56	56.25	278900
11/11/97	56.125	56.125	53.25	53.5	804900
11/12/97	53.375	53.5	51.875	52.125	1317400
11/13/97	52.75	53.1875	52.4375	52.9375	2077400
11/14/97	52.9375	54.125	52.9375	53.5	765100
11/17/97	54.375	56.5	54	56.1875	570000
11/18/97	56.0625	56.1875	55.0625	55.125	188000
11/19/97	54.875	55.3125	54.5	54.9375	317500
11/20/97	55.125	56.5	55.125	55.6875	182200
11/21/97	55.9375	56.75	55.875	56.5	206000
11/24/97	56	56	55.5	55.625	314600
11/25/97	55.75	56.0625	55.4375	55.4375	716900
11/26/97	55.25	55.9375	55.1875	55.25	378600
11/27/97	NaN	NaN	NaN	NaN	NaN
11/28/97	55.125	55.3125	54.75	54.8125	50000
12/1/97	55.0625	55.0625	54	54.125	170300
12/2/97	54.4375	55	54.3125	54.5	372800
12/3/97	54.8125	56.1875	54.625	55.8125	230300
12/4/97	56.125	56.375	55.6875	56	311600
12/5/97	56.1875	56.625	55.875	56.0625	112000
12/8/97	56.5625	56.625	56	56	504200
12/9/97	56.125	56.8125	56	56.75	370400
12/10/97	56.5	57.1875	56.0625	56.5625	223300
12/11/97	56.625	56.75	56.375	56.5625	128400
12/12/97	56.5625	57	56.4375	56.5	563700
12/15/97	56.5625	56.8125	56.25	56.3125	206300
12/16/97	56.75	56.75	56.25	56.25	269500
12/17/97	56.5	56.5	56.0625	56.0625	45700
12/18/97	56.0625	56.5	54.75	54.75	62400
12/19/97	53.75	53.8125	52.5	53.0625	306900
12/22/97	53.1875	53.375	52.25	52.6875	243100
12/23/97	52.5	54.125	52.5	53.5625	126800
12/24/97	53.25	53.5	52.5625	52.5625	45000
12/25/97	NaN	NaN	NaN	NaN	NaN
12/26/97	52.9375	53.125	52.5625	52.5625	13700
12/29/97	52.5625	53.625	52.5625	53.5625	81200
12/30/97	53.6875	54.5625	53.5	54.5625	99600
12/31/97	54.5625	55.25	54.5625	55	75700
1/1/98	NaN	NaN	NaN	NaN	NaN
1/2/98	54.4375	55	53.375	53.9375	122400
1/5/98	54	54.75	54	54.75	177200
1/6/98	54.875	55.3125	54.8125	55.25	118200
1/7/98	54.75	54.75	53.125	53.8125	188300
1/8/98	54.0625	54.375	53.6875	54.125	164300
1/9/98	53.5	53.9375	52.125	52.1875	160800
1/12/98	51.9375	52	50.375	50.5	243900
1/13/98	51.125	53.9375	51.125	53.875	780500
1/14/98	53.875	55	53.625	54.9375	705600
1/15/98	54.9375	55.125	54.125	54.5	301100
1/16/98	54.5	54.6875	54.1875	54.1875	527200
1/19/98	NaN	NaN	NaN	NaN	NaN
1/20/98	54.0625	56.4375	53.875	56.1875	301500
1/21/98	56.6875	57.5	55.1875	55.9375	356600
1/22/98	55.9375	55.9375	54.5625	54.5625	391600
1/23/98	54.625	55.375	53.6875	54.25	254500
1/26/98	54.4375	55.25	54.25	54.75	284500
1/27/98	54.5	56.25	54.375	55.5625	192900
1/28/98	55.75	57.625	55.6875	57	295800
1/29/98	57.375	58.4375	57.3125	57.8125	327700
1/30/98	57.6875	58	56.75	57.8125	148500
2/2/98	57.9375	58.4375	57.6875	58.1875	221700
2/3/98	59	60.5	58.5	60.25	322000
2/4/98	61.125	61.5	59.4375	59.875	489100
2/5/98	60.25	61	59.8125	60.4375	426100
2/6/98	61.75	62	60.875	62	711300
2/9/98	61.625	62	61.0625	62	845100
2/10/98	61.875	62.875	61.6875	62.625	356200
2/11/98	63	63.4375	62.75	63.1875	403600
2/12/98	63.5	63.5	62.625	63.5	534100
2/13/98	63.5	63.5	63	63.0625	202200
2/16/98	NaN	NaN	NaN	NaN	NaN
2/17/98	63.75	64.1875	63.25	63.3125	383900
2/18/98	63.25	63.4375	63.0625	63.4375	310900
2/19/98	63.5	63.8125	63.25	63.25	530800
2/20/98	63.5	64	63.25	64	279100
2/23/98	65.125	65.75	64	65.125	501600
2/24/98	65	65.125	64.5	64.6875	247800
2/25/98	64.6875	65.875	64.625	65.875	223800
2/26/98	65.3125	65.8125	65.125	65.4375	198700
2/27/98	65.1875	67.0625	65.1875	66.8125	410700
3/2/98	66	66.875	65	65.875	388400
3/3/98	65	65.6875	65	65.4375	327400
3/4/98	66	67	65.875	66.9375	351000
3/5/98	67	67.1875	66.3125	66.6875	362200
3/6/98	67.125	68	67.125	67.625	440400
3/9/98	67	68	66.75	67.25	277600
3/10/98	67	68	67	68	124300
3/11/98	68	68.5	67.5	68	189000
3/12/98	67.25	67.9375	67.25	67.875	104000
3/13/98	68	68.875	67.8125	68.3125	172100
3/16/98	68.25	68.8125	68.25	68.5625	301400
3/17/98	69.5	70	69	69.375	450400
3/18/98	69.375	69.5	68.25	68.25	241200
3/19/98	67.125	68.5	67.125	67.25	541400
3/20/98	68	69.5	67.5	67.5	401800
3/23/98	67.5625	69.5	67.5625	68.1875	343400
3/24/98	68	68.875	67.375	68.5	161200
3/25/98	68.75	70	68.75	68.875	382200
3/26/98	68	69.3125	67.75	68.25	166800
3/27/98	68	68.875	67.25	68.4375	170000
3/30/98	68	68.5	67.5625	68	76900
3/31/98	68	69	68	68.6875	222600
4/1/98	68	68.9375	68	68.4375	146000
4/2/98	68	68.4375	66.8125	67.9375	207600
4/3/98	68	68.25	66	66.125	354700
4/6/98	66.1875	67.25	66.1875	67.0625	243500
4/7/98	66.25	66.875	66.25	66.5625	126500
4/8/98	66.5625	69.875	66.5625	68.875	267700
4/9/98	69	69	67.875	69	388300
4/10/98	NaN	NaN	NaN	NaN	NaN
4/13/98	69	73.75	67.125	73.625	995200
4/14/98	73.625	74.5	72.125	74.5	736000
4/15/98	74.125	75	73.625	74.375	464200
4/16/98	73.375	74.8125	73.375	73.9375	266000
4/17/98	73.875	74.75	73.875	74.75	362000
4/20/98	75	75.25	72.875	73.5	702400
4/21/98	73	73.625	72	72	425100
4/22/98	72	72.8125	71.375	71.75	269000
4/23/98	71.5	72.5625	71.5	71.5	319600
4/24/98	71	72	70.8125	70.875	307500
4/27/98	70	70.25	69.75	69.75	231400
4/28/98	70.125	70.1875	70.125	70.125	172200
4/29/98	71.4375	71.4375	71.4375	71.4375	301400
4/30/98	73.875	73.875	72	72	269500
5/1/98	72	72.5	71.625	71.625	135100
5/4/98	72	72.625	71.625	71.625	137500
5/5/98	71.25	72.75	71.25	71.8125	158800
5/6/98	72	72.5	70.0625	70.0625	139100
5/7/98	70	70.25	68.5625	68.5625	162200
5/8/98	68.4375	69	68.4375	68.4375	174100
5/11/98	68	68.4375	67.1875	67.6875	350300
5/12/98	68.1875	68.1875	68	68	208100
5/13/98	68	68.5	67	67.5	277000
5/14/98	67.125	68	67.125	67.4375	240600
5/15/98	67	68	66	66.8125	241700
5/18/98	68.75	68.75	68.75	68.75	683700
5/19/98	67	68.375	65.75	65.8125	311900
5/20/98	66	66.625	65.0625	65.0625	224800
5/21/98	66.625	66.625	66.125	66.125	538800
5/22/98	66	66.75	66	66	149000
5/25/98	NaN	NaN	NaN	NaN	NaN
5/26/98	66	67.25	65.625	65.625	160900
5/27/98	65	66.25	65	65	422600
5/28/98	67.5625	67.5625	67.125	67.125	331700
5/29/98	68.9375	68.9375	68.3125	68.3125	298500
6/1/98	68	69.25	67.375	67.375	305800
6/2/98	67.0625	68.625	67.0625	67.125	299300
6/3/98	67	67.875	67	67	253000
6/4/98	67	68	67	67.4375	234100
6/5/98	67.4375	68.5	67.4375	67.9375	168600
6/8/98	69.1875	69.75	69.1875	69.1875	271500
6/9/98	69	69.25	67.3125	67.375	239100
6/10/98	67	67.625	66.5	66.5	117100
6/11/98	66	66.75	64.625	64.6875	236200
6/12/98	64	64.5	63.25	63.5	137500
6/15/98	62.4375	63.8125	62.4375	62.875	428100
6/16/98	63.25	64.25	63.25	63.25	640500
6/17/98	63.375	65.375	63.25	63.875	319900
6/18/98	64	64	63.1875	63.25	257300
6/19/98	63.3125	63.75	63.3125	63.375	161000
6/22/98	63	63.75	63	63	176900
6/23/98	66.5	66.5	66.4375	66.4375	337700
6/24/98	68.5	68.5	67.8125	67.8125	302500
6/25/98	68	68.125	67.25	67.4375	295300
6/26/98	69	69	68.125	68.125	145000
6/29/98	68	68.5625	66.5625	66.625	165300
6/30/98	69	69	68.75	68.75	149400
7/1/98	69.1875	69.375	69.1875	69.1875	264800
7/2/98	68.25	68.5	68.25	68.25	144500
7/3/98	NaN	NaN	NaN	NaN	NaN
7/6/98	69.375	69.9375	69.375	69.375	231100
7/7/98	69	69.625	68.75	68.875	133900
7/8/98	69.4375	69.4375	69.25	69.25	195500
7/9/98	69	69.375	67.5	67.75	210700
7/10/98	67	67.5	66.5	66.5625	103300
7/13/98	68.5	68.5	68	68	113100
7/14/98	69.875	69.875	69.3125	69.3125	220800
7/15/98	69	69.5625	63.9375	63.9375	1825500
7/16/98	64	65	63.125	63.125	897200
7/17/98	63.25	63.5	62	62.25	398600
7/20/98	62.25	62.375	60.5	60.75	318000
7/21/98	60.875	61.25	58.8125	58.875	369900
7/22/98	60.3125	60.3125	59.625	59.625	398300
7/23/98	61.25	61.25	60.625	60.625	330400
7/24/98	60.5625	61.3125	60.5625	60.875	310400
7/27/98	61.5	61.75	61.5	61.5	206000
7/28/98	63	63	62.125	62.125	322000
7/29/98	61	61.75	60.25	60.8125	233700
7/30/98	61.25	61.25	61.25	61.25	157100
7/31/98	NaN	NaN	NaN	NaN	NaN
8/3/98	60.375	60.625	59.5	59.625	195700
8/4/98	60.8125	60.8125	60.25	60.25	307400
8/5/98	60.25	60.25	58.5625	58.5625	267700
8/6/98	58.75	59.3125	57.9375	57.9375	146900
8/7/98	58.25	59.5	57.3125	57.75	188700
8/10/98	61	61	60.1875	60.1875	290400
8/11/98	59.875	59.875	57.4375	57.4375	103900
8/12/98	59.375	59.375	59.0625	59.0625	138600
8/13/98	59.125	59.625	57.75	57.875	89600
8/14/98	57.875	58	56.125	56.375	105100
8/17/98	57.625	57.625	57.0625	57.0625	436000
8/18/98	58.625	58.625	58.4375	58.4375	182900
8/19/98	58.625	59.125	57.875	57.875	135400
8/20/98	58	58.375	57.75	57.75	236500
8/21/98	56.125	57.375	56.125	56.125	251400
8/24/98	55.125	55.375	52.9375	52.9375	623800
8/25/98	53.25	54.25	52.3125	52.625	387800
8/26/98	53.75	53.75	53.375	53.375	285800
8/27/98	53.5	54.5	53.3125	53.3125	437300
8/28/98	53	53.4375	52.125	52.3125	331600
8/31/98	52.375	52.625	50.375	50.375	272600
9/1/98	49.25	49.75	49	49	342900
9/2/98	49	49.5	48.125	48.125	353700
9/3/98	48	48	47	47	1009000
9/4/98	47.75	48.0625	47.0625	47.0625	349100
9/7/98	NaN	NaN	NaN	NaN	NaN
9/8/98	47.5	48.3125	47.4375	47.9375	394700
9/9/98	48.125	48.125	46.375	46.875	623100
9/10/98	46	46.625	45.375	45.375	450300
9/11/98	46.875	46.875	46	46	513000
9/14/98	46	46.75	46	46.625	723100
9/15/98	46.875	47.875	46.5	46.625	211700
9/16/98	46.625	46.75	46.3125	46.375	416900
9/17/98	46.375	46.625	46	46	205600
9/18/98	47.625	47.625	47.5	47.5	309000
9/21/98	46.5625	46.8125	46.5625	46.5625	131600
9/22/98	46.75	47.3125	46.75	46.75	157500
9/23/98	48.4375	48.4375	48.4375	48.4375	127800
9/24/98	48.5	49.5	47.0625	47.0625	235000
9/25/98	47.125	48.1875	47.0625	47.0625	196900
9/28/98	47	47.875	47	47.25	205300
9/29/98	48.4375	48.4375	48.125	48.125	155700
9/30/98	47	48	47	47	245900
10/1/98	46	47	45.625	45.6875	301200
10/2/98	45.625	46.375	45.375	45.8125	331100
10/5/98	45.875	45.875	44	44	254000
10/6/98	45.4375	45.4375	45	45	186300
10/7/98	45.125	46.6875	45	45.5	202700
10/8/98	NaN	NaN	NaN	NaN	NaN
10/9/98	47.4375	47.4375	47.0625	47.0625	389200
10/12/98	49.375	49.375	48.5	48.5	241100
10/13/98	48.625	49	48	48.75	496700
10/14/98	48	48.8125	48	48.5625	409500
10/15/98	50.375	50.375	50.3125	50.3125	306800
10/16/98	50.375	51.1875	50	50	480000
10/19/98	52.4375	52.4375	51.8125	51.8125	195600
10/20/98	52.3125	52.5625	52.3125	52.3125	309200
10/21/98	52.375	52.5	52.125	52.375	166500
10/22/98	52.375	52.625	52	52	161800
10/23/98	51.75	51.75	51.125	51.25	208700
10/26/98	51.375	52.0625	51.25	51.4375	261300
10/27/98	52.1875	52.1875	52.0625	52.0625	237800
10/28/98	52.125	52.1875	50	50	250800
10/29/98	51.6875	51.6875	51.125	51.125	189800
10/30/98	51.625	52	51.0625	51.25	178500
11/2/98	54.625	54.625	53.8125	53.8125	173100
11/3/98	54.25	55.4375	54.1875	54.8125	254200
11/4/98	57.4375	57.4375	56.5	56.5	331700
11/5/98	59.1875	59.1875	59	59	198600
11/6/98	58.75	58.8125	57.25	57.625	214000
11/9/98	57.875	58	57.1875	57.1875	187900
11/10/98	56.0625	57	56.0625	56.0625	298100
11/11/98	56.125	57	54.625	54.625	222600
11/12/98	54.25	54.5	54.25	54.25	350600
11/13/98	54.25	55.875	54.125	54.25	230500
11/16/98	55.125	55.875	55.125	55.125	194300
11/17/98	56.375	56.375	56.125	56.125	141000
11/18/98	56	56.5	55.25	55.6875	165100
11/19/98	56	56	55.625	55.875	77300
11/20/98	56.375	56.375	56.375	56.375	91500
11/23/98	57.9375	57.9375	57.625	57.625	212200
11/24/98	57.625	59.5	57.125	57.125	259000
11/25/98	57	57.25	56.125	56.5625	190800
11/26/98	NaN	NaN	NaN	NaN	NaN
11/27/98	57.1875	57.1875	57.125	57.125	63200
11/30/98	56	57	56	56	303100
12/1/98	56.125	56.4375	54.625	54.875	295100
12/2/98	56.5	56.5	56.375	56.375	216700
12/3/98	56.125	57.5	56.125	56.5625	236300
12/4/98	56.625	57.4375	56.0625	56.625	193200
12/7/98	58.0625	58.0625	58	58	130100
12/8/98	58	58	57.8125	57.8125	208200
12/9/98	57.75	58	57.0625	57.0625	232500
12/10/98	57.375	57.4375	55.25	55.875	161400
12/11/98	56.375	56.75	55.8125	55.8125	156200
12/14/98	55.875	56.5	55.75	55.875	314200
12/15/98	55.625	55.625	54.25	54.875	148400
12/16/98	54.875	54.875	52	52.875	329000
12/17/98	53.25	54	53.25	53.25	204400
12/18/98	53.25	53.5	53.25	53.25	286900
12/21/98	52.625	53.25	52.375	52.4375	226100
12/22/98	52.4375	52.4375	51.125	51.875	201800
12/23/98	52	52	51.625	51.75	278700
12/24/98	53.125	53.125	53.0625	53.0625	87900
12/25/98	NaN	NaN	NaN	NaN	NaN				
12/28/98	53.625	54	52.125	52.3125	297600				
12/29/98	54	54	53.75	53.75	163600				
12/30/98	53.75	54.75	53.75	53.875	166000				
12/31/98	56	56	55.375	55.375	176800				
1/1/99	NaN	NaN	NaN	NaN	NaN				
1/4/99	55.375	57	55.375	55.9375	224700				
1/5/99	56.1875	56.1875	56	56	162100				
1/6/99	56	56.8125	55.4375	55.75	415300				
1/7/99	55	55.875	54	54.0625	253200				
1/8/99	55.625	55.625	55.375	55.375	450900				
1/11/99	55.625	55.625	54	54	406400				
1/12/99	54.25	54.9375	53.875	53.875	366200				
1/13/99	52.75	53.3125	52.75	52.75	517800				
1/14/99	53	53.6875	52.4375	52.4375	299400				
1/15/99	54.5	54.5	54.5	54.5	274700				
1/18/99	NaN	NaN	NaN	NaN	NaN			
1/19/99	54.3125	54.813	54.375	54.688	257500			
1/20/99	54.5625	55.875	54.688	55.188	218000			
1/21/99	53.5625	55.563	51.75	52	330200			
1/22/99	51.4375	52.188	50.688	50.75	236700			
1/25/99	50.5	51.875	50.875	51.25	361300			
1/26/99	50.5625	51.125	50	50.313	163400			
1/27/99	48.625	49	47.375	47.438	841000			
1/28/99	47.375	48	45.25	45.25	1203400			
1/29/99	45.625	46.375	44.563	44.938	520900			
2/1/99	47.25	47.25	46.5625	46.5625	556200			
2/2/99	46.3125	47.875	46.375	47.688	376800			
2/3/99	46.8125	47.25	44.688	45.25	344600			
2/4/99	45.125	46.688	45.25	46.5	301600			
2/5/99	46.375	47.5	45.813	46.063	409900			
2/8/99	46.375	46.75	45	45.125	204900			
2/9/99	44.9375	45.313	44	44.125	324000			
2/10/99	44	44.5	43.125	43.438	223500			
2/11/99	44.125	46	43.563	45.563	365800			
2/12/99	44.9375	45.813	43.875	44.188	254000			
2/15/99	NaN	NaN	NaN	NaN	NaN			
2/16/99	43.75	44.188	42	42.688	444000			
2/17/99	42.375	43.438	41.625	41.625	323500			
2/18/99	42.0625	42.625	41.125	41.625	392100			
2/19/99	42.1875	43.875	41.75	43.313	470600			
2/22/99	43	43.5	42	42.063	448400			
2/23/99	41.6875	43.375	41.688	43.313	420100			
2/24/99	42.9375	43.375	42.438	42.625	354600			
2/25/99	42.125	43.75	41.375	43	450800			
2/26/99	43	43.813	42.75	43.5	368100			
3/1/99	42.75	43.625	41	41	456400			
3/2/99	43.625	45.625	43.5	43.75	1061800			
3/3/99	43.875	45.4375	43.5625	43.8125	456700		
3/4/99	44	44.8125	44	44	357100		
3/5/99	45.5	45.5	45.3125	45.3125	227900		
3/8/99	47.875	47.875	46.5625	46.5625	543100		
3/9/99	47.375	47.875	47.125	47.5	650300		
3/10/99	47.625	47.6875	45.9375	45.9375	627300		
3/11/99	46.25	46.4375	45.25	45.375	530800		
3/12/99	46.375	46.75	46.375	46.375	270900		
3/15/99	49.4375	49.4375	48.75	48.75	846000		
3/16/99	48.5	48.5625	47.1875	47.5	512200		
3/17/99	47.375	47.9375	47.25	47.5	480400		
3/18/99	48.75	48.75	48.1875	48.1875	376500		
3/19/99	49	49.3125	49	49	475500		
3/22/99	48.75	48.75	48	48	197000		
3/23/99	49.9375	49.9375	49.9375	49.9375	972200		
3/24/99	50.1875	51.25	50.1875	50.1875	851800		
3/25/99	51.5	51.75	51.375	51.375	526500		
3/26/99	53.25	53.25	53.0625	53.0625	421500		
3/29/99	53.375	55.0625	53	53.4375	423900		
3/30/99	52.5	52.9375	51.125	51.75	431800		
3/31/99	54.375	54.375	54.375	54.375	508500		
4/1/99	53.0625	53.5	53.0625	53.0625	324800		
