   0.0000000E+00
   0.0000000E+00
   0.0000000E+00
   0.0000000E+00
   0.0000000E+00
   0.0000000E+00
   0.0000000E+00
   0.0000000E+00
   0.0000000E+00
   0.0000000E+00
   0.0000000E+00
   0.0000000E+00
   0.0000000E+00
   0.0000000E+00
   0.0000000E+00
   0.0000000E+00
   0.0000000E+00
   0.0000000E+00
   0.0000000E+00
   0.0000000E+00
   0.0000000E+00
   0.0000000E+00
   0.0000000E+00
   0.0000000E+00
   0.0000000E+00
   0.0000000E+00
   0.0000000E+00
   0.0000000E+00
   0.0000000E+00
   0.0000000E+00
   0.0000000E+00
   0.0000000E+00
   0.0000000E+00
   0.0000000E+00
   0.0000000E+00
   0.0000000E+00
   0.0000000E+00
   0.0000000E+00
   0.0000000E+00
   0.0000000E+00
   0.0000000E+00
   0.0000000E+00
   0.0000000E+00
   0.0000000E+00
   0.0000000E+00
   0.0000000E+00
   0.0000000E+00
   0.0000000E+00
   0.0000000E+00
   0.0000000E+00
   0.0000000E+00
   0.0000000E+00
   0.0000000E+00
   0.0000000E+00
   0.0000000E+00
   0.0000000E+00
   0.0000000E+00
   0.0000000E+00
   0.0000000E+00
   0.0000000E+00
   0.0000000E+00
   0.0000000E+00
   0.0000000E+00
   0.0000000E+00
   0.0000000E+00
   0.0000000E+00
   0.0000000E+00
   0.0000000E+00
   0.0000000E+00
   0.0000000E+00
   0.0000000E+00
   0.0000000E+00
   0.0000000E+00
   0.0000000E+00
   0.0000000E+00
   0.0000000E+00
   0.0000000E+00
   0.0000000E+00
   0.0000000E+00
   0.0000000E+00
   0.0000000E+00
   0.0000000E+00
   0.0000000E+00
   0.0000000E+00
   0.0000000E+00
   0.0000000E+00
   0.0000000E+00
   0.0000000E+00
   0.0000000E+00
   0.0000000E+00
   0.0000000E+00
   2.1420852E-03
   4.1288123E-03
   7.1986555E-03
   1.1062929E-02
   1.4483858E-02
   1.6324535E-02
   1.6135823E-02
   1.4275001E-02
   1.1539703E-02
   8.7036947E-03
   6.2567205E-03
   4.3562488E-03
   2.9207023E-03
   1.7363841E-03
   5.2336685E-04
  -1.0327908E-03
  -3.1959163E-03
  -6.0473098E-03
  -9.3405806E-03
  -1.2416008E-02
  -1.4278403E-02
  -1.3924479E-02
  -1.0860689E-02
  -5.3590569E-03
   1.6131365E-03
   8.6135957E-03
   1.4076208E-02
   1.6765766E-02
   1.6299367E-02
   1.3532263E-02
   9.9272057E-03
   6.6387276E-03
   4.1303709E-03
   2.3079205E-03
   7.7871227E-04
  -9.7736111E-04
  -3.4549853E-03
  -6.9238367E-03
  -1.1169374E-02
  -1.5261985E-02
  -1.7643012E-02
  -1.6751021E-02
  -1.2059296E-02
  -4.3915608E-03
   4.3972647E-03
   1.2058621E-02
   1.6740113E-02
   1.7622713E-02
   1.5236910E-02
   1.1144997E-02
   6.9029429E-03
   3.4386748E-03
   9.6411415E-04
  -7.8982563E-04
  -2.3187632E-03
  -4.1410858E-03
  -6.6506532E-03
  -9.9400030E-03
  -1.3546904E-02
  -1.6314577E-02
  -1.6781271E-02
  -1.4089578E-02
  -8.6249616E-03
  -1.6214863E-03
   5.3521004E-03
   1.0855331E-02
   1.3919085E-02
   1.4273733E-02
   1.2411173E-02
   9.3369512E-03
   6.0440297E-03
   3.1940273E-03
   1.0311195E-03
  -5.2417908E-04
  -1.7375024E-03
  -2.9215214E-03
  -4.3577701E-03
  -6.2583326E-03
  -8.7062027E-03
  -1.1542471E-02
  -1.4278522E-02
  -1.6139286E-02
  -1.6327914E-02
  -1.4486295E-02
  -1.1064430E-02
  -7.1990341E-03
  -4.1286643E-03
  -2.1418177E-03
   0.0000000E+00
   0.0000000E+00
   3.8344897E-03
   1.0242739E-02
   1.9741679E-02
   3.0981990E-02
   4.1182913E-02
   4.7771189E-02
   4.9343258E-02
   4.5972414E-02
   3.9056189E-02
   3.0634956E-02
   2.2487335E-02
   1.5550512E-02
   9.8708430E-03
   4.8839073E-03
  -2.9255543E-04
  -6.5821805E-03
  -1.4563886E-02
  -2.3989642E-02
  -3.3490278E-02
  -4.0745765E-02
  -4.3320727E-02
  -3.9701197E-02
  -2.9861759E-02
  -1.5030287E-02
   2.6569730E-03
   2.0530215E-02
   3.5670370E-02
   4.5281876E-02
   4.7462787E-02
   4.2486206E-02
   3.3156615E-02
   2.3012774E-02
   1.4256544E-02
   7.2087552E-03
   8.7323104E-04
  -6.2837671E-03
  -1.5546060E-02
  -2.7063182E-02
  -3.9128050E-02
  -4.8262719E-02
  -5.0742600E-02
  -4.4623628E-02
  -3.0508013E-02
  -1.0827430E-02
   1.0836875E-02
   3.0505696E-02
   4.4601213E-02
   5.0696891E-02
   4.8198931E-02
   3.9056718E-02
   2.6996834E-02
   1.5489686E-02
   6.2383590E-03
  -9.1250421E-04
  -7.2442945E-03
  -1.4292779E-02
  -2.3049939E-02
  -3.3197291E-02
  -4.2528097E-02
  -4.7505621E-02
  -4.5320485E-02
  -3.5704516E-02
  -2.0557119E-02
  -2.6796160E-03
   1.5012613E-02
   2.9845143E-02
   3.9686445E-02
   4.3304794E-02
   4.0731125E-02
   3.3475555E-02
   2.3978123E-02
   1.4553927E-02
   6.5757032E-03
   2.8667407E-04
  -4.8881667E-03
  -9.8762596E-03
  -1.5555945E-02
  -2.2494933E-02
  -3.0643323E-02
  -3.9066542E-02
  -4.5982741E-02
  -4.9353808E-02
  -4.7779854E-02
  -4.1189756E-02
  -3.0985713E-02
  -1.9743154E-02
  -1.0242474E-02
  -3.8340634E-03
   0.0000000E+00
   0.0000000E+00
   4.9320576E-03
   1.6482843E-02
   3.3833180E-02
   5.3763498E-02
   7.1850136E-02
   8.4386893E-02
   8.9231044E-02
   8.5890755E-02
   7.5605690E-02
   6.1148271E-02
   4.5724977E-02
   3.1572286E-02
   1.9303875E-02
   8.1263687E-03
  -3.5062784E-03
  -1.7131191E-02
  -3.3301204E-02
  -5.0758403E-02
  -6.6344820E-02
  -7.6119363E-02
  -7.7114612E-02
  -6.8362989E-02
  -5.0680093E-02
  -2.6190447E-02
   2.1036263E-03
   3.0718751E-02
   5.5931557E-02
   7.3913783E-02
   8.1339143E-02
   7.6849557E-02
   6.2952608E-02
   4.5103248E-02
   2.7992606E-02
   1.3147530E-02
  -7.5421459E-04
  -1.6262632E-02
  -3.5111830E-02
  -5.6357462E-02
  -7.5678915E-02
  -8.7100886E-02
  -8.6435147E-02
  -7.3005989E-02
  -4.8701625E-02
  -1.7091028E-02
   1.7091718E-02
   4.8687983E-02
   7.2966456E-02
   8.6364597E-02
   8.6999655E-02
   7.5558916E-02
   5.6235533E-02
   3.5003960E-02
   1.6171370E-02
   6.7741837E-04
  -1.3218481E-02
  -2.8060893E-02
  -4.5174360E-02
  -6.3024774E-02
  -7.6923735E-02
  -8.1408583E-02
  -7.3977485E-02
  -5.5984374E-02
  -3.0764101E-02
  -2.1398754E-03
   2.6157929E-02
   5.0652310E-02
   6.8334550E-02
   7.7087514E-02
   7.6089986E-02
   6.6317536E-02
   5.0732035E-02
   3.3280551E-02
   1.7113540E-02
   3.4935419E-03
  -8.1389053E-03
  -1.9315261E-02
  -3.1586483E-02
  -4.5740195E-02
  -6.1166823E-02
  -7.5624585E-02
  -8.5910514E-02
  -8.9248531E-02
  -8.4402375E-02
  -7.1861289E-02
  -5.3770810E-02
  -3.3836000E-02
  -1.6483178E-02
  -4.9314955E-03
   0.0000000E+00
   0.0000000E+00
   6.1770990E-03
   2.3426527E-02
   4.9262647E-02
   7.8123778E-02
   0.1039528    
   0.1222613    
   0.1305824    
   0.1281264    
   0.1156517    
   9.5875911E-02
   7.2913393E-02
   5.0410036E-02
   2.9922575E-02
   1.0724795E-02
  -9.2536714E-03
  -3.1894408E-02
  -5.7210356E-02
  -8.2377695E-02
  -0.1024961    
  -0.1128636    
  -0.1109717    
  -9.6596777E-02
  -7.1194693E-02
  -3.7575714E-02
   5.0969917E-04
   3.8926743E-02
   7.3369429E-02
   9.9358156E-02
   0.1126388    
   0.1104510    
   9.3946718E-02
   6.9175288E-02
   4.3086521E-02
   1.8963449E-02
  -4.3572383E-03
  -3.0033827E-02
  -5.9537046E-02
  -8.9914404E-02
  -0.1141601    
  -0.1252482    
  -0.1201162    
  -9.9322133E-02
  -6.5461248E-02
  -2.2852575E-02
   2.2830389E-02
   6.5422967E-02
   9.9255852E-02
   0.1200145    
   0.1251116    
   0.1139944    
   8.9739799E-02
   5.9372906E-02
   2.9893164E-02
   4.2354260E-03
  -1.9072041E-02
  -4.3192398E-02
  -6.9279313E-02
  -9.4052762E-02
  -0.1105528    
  -0.1127359    
  -9.9442743E-02
  -7.3444039E-02
  -3.8988117E-02
  -5.6420424E-04
   3.7529901E-02
   7.1150593E-02
   9.6556306E-02
   0.1109287    
   0.1128215    
   0.1024514    
   8.2337148E-02
   5.7172589E-02
   3.1864941E-02
   9.2277033E-03
  -1.0745942E-02
  -2.9945441E-02
  -5.0433159E-02
  -7.2940812E-02
  -9.5904082E-02
  -0.1156817    
  -0.1281542    
  -0.1306087    
  -0.1222829    
  -0.1039702    
  -7.8134723E-02
  -4.9268395E-02
  -2.3427656E-02
  -6.1768098E-03
   0.0000000E+00
   0.0000000E+00
   7.9925498E-03
   3.1593621E-02
   6.6143140E-02
   0.1035889    
   0.1364754    
   0.1598296    
   0.1711369    
   0.1695893    
   0.1556111    
   0.1314281    
   0.1013910    
   7.0248619E-02
   4.0678028E-02
   1.2309311E-02
  -1.7148698E-02
  -4.9530625E-02
  -8.3806805E-02
  -0.1154692    
  -0.1384679    
  -0.1482709    
  -0.1430992    
  -0.1232206    
  -9.0526991E-02
  -4.8468329E-02
  -1.4953703E-03
   4.5669992E-02
   8.8289827E-02
   0.1213793    
   0.1400519    
   0.1406231    
   0.1228992    
   9.2470527E-02
   5.7765950E-02
   2.3878774E-02
  -9.7228717E-03
  -4.6218719E-02
  -8.6041190E-02
  -0.1238609    
  -0.1508082    
  -0.1602860    
  -0.1506471    
  -0.1230791    
  -8.0566078E-02
  -2.8044878E-02
   2.7986920E-02
   8.0491908E-02
   0.1229754    
   0.1505084    
   0.1601103    
   0.1506020    
   0.1236373    
   8.5826345E-02
   4.6026748E-02
   9.5581487E-03
  -2.4028180E-02
  -5.7905260E-02
  -9.2608377E-02
  -0.1230320    
  -0.1407528    
  -0.1401702    
  -0.1214875    
  -8.8381857E-02
  -4.5752216E-02
   1.4257039E-03
   4.8403334E-02
   9.0469301E-02
   0.1231622    
   0.1430432    
   0.1482110    
   0.1384096    
   0.1154094    
   8.3754167E-02
   4.9482923E-02
   1.7110605E-02
  -1.2345286E-02
  -4.0711097E-02
  -7.0285745E-02
  -0.1014288    
  -0.1314691    
  -0.1556499    
  -0.1696273    
  -0.1711701    
  -0.1598593    
  -0.1364981    
  -0.1036054    
  -6.6151664E-02
  -3.1596668E-02
  -7.9924343E-03
   0.0000000E+00
   0.0000000E+00
   1.0440224E-02
   4.0954705E-02
   8.4079064E-02
   0.1293996    
   0.1684447    
   0.1960211    
   0.2096788    
   0.2087247    
   0.1934473    
   0.1655544    
   0.1291465    
   8.9643635E-02
   5.0770212E-02
   1.2754112E-02
  -2.6598847E-02
  -6.8630770E-02
  -0.1109947    
  -0.1477302    
  -0.1724097    
  -0.1811247    
  -0.1726740    
  -0.1475803    
  -0.1081263    
  -5.8370218E-02
  -3.4661740E-03
   5.1376425E-02
   0.1010843    
   0.1402934    
   0.1635789    
   0.1666479    
   0.1483273    
   0.1133772    
   7.0885658E-02
   2.7495638E-02
  -1.6409189E-02
  -6.3421354E-02
  -0.1123984    
  -0.1557967    
  -0.1839743    
  -0.1914908    
  -0.1777127    
  -0.1440937    
  -9.3907110E-02
  -3.2629527E-02
   3.2525584E-02
   9.3786985E-02
   0.1439459    
   0.1775302    
   0.1912749    
   0.1837274    
   0.1555326    
   0.1121368    
   6.3185960E-02
   1.6201654E-02
  -2.7678913E-02
  -7.1058258E-02
  -0.1135399    
  -0.1484862    
  -0.1667970    
  -0.1637206    
  -0.1404187    
  -0.1011982    
  -5.1474497E-02
   3.3753770E-03
   5.8290407E-02
   0.1080485    
   0.1475081    
   0.1725989    
   0.1810515    
   0.1723323    
   0.1476562    
   0.1109216    
   6.8568356E-02
   2.6542282E-02
  -1.2802133E-02
  -5.0819241E-02
  -8.9691751E-02
  -0.1291987    
  -0.1656047    
  -0.1934976    
  -0.2087698    
  -0.2097213    
  -0.1960569    
  -0.1684748    
  -0.1294205    
  -8.4091976E-02
  -4.0959373E-02
  -1.0440837E-02
   0.0000000E+00
   0.0000000E+00
   1.3446152E-02
   5.1196281E-02
   0.1024218    
   0.1546911    
   0.1989496    
   0.2299612    
   0.2453897    
   0.2446666    
   0.2280747    
   0.1969122    
   0.1548463    
   0.1075608    
   5.9659928E-02
   1.2069808E-02
  -3.6978118E-02
  -8.8004947E-02
  -0.1372597    
  -0.1778014    
  -0.2033734    
  -0.2107857    
  -0.1991621    
  -0.1692192    
  -0.1235773    
  -6.6918865E-02
  -5.0520492E-03
   5.6383345E-02
   0.1121116    
   0.1564548    
   0.1835452    
   0.1885996    
   0.1698354    
   0.1311950    
   8.1899308E-02
   2.9723298E-02
  -2.3884991E-02
  -8.0485813E-02
  -0.1371028    
  -0.1844877    
  -0.2130673    
  -0.2186598    
  -0.2012048    
  -0.1622960    
  -0.1054401    
  -3.6591031E-02
   3.6433212E-02
   0.1052680    
   0.1620977    
   0.2009767    
   0.2184007    
   0.2127837    
   0.1841860    
   0.1368055    
   8.0210894E-02
   2.3644814E-02
  -2.9938856E-02
  -8.2094409E-02
  -0.1313809    
  -0.1700097    
  -0.1887690    
  -0.1837014    
  -0.1566010    
  -0.1122402    
  -5.6502968E-02
   4.9461774E-03
   6.6817529E-02
   0.1234851    
   0.1691263    
   0.1990736    
   0.2106928    
   0.2032831    
   0.1777075    
   0.1371725    
   8.7921932E-02
   3.6907826E-02
  -1.2135955E-02
  -5.9720583E-02
  -0.1076248    
  -0.1549084    
  -0.1969752    
  -0.2281321    
  -0.2447217    
  -0.2454380    
  -0.2300051    
  -0.1989847    
  -0.1547182    
  -0.1024380    
  -5.1203739E-02
  -1.3447227E-02
   0.0000000E+00
   0.0000000E+00
   1.6905949E-02
   6.1906781E-02
   0.1204756    
   0.1786800    
   0.2272443    
   0.2609925    
   0.2776924    
   0.2768998    
   0.2589180    
   0.2247817    
   0.1776910    
   0.1233553    
   6.7019522E-02
   1.0361413E-02
  -4.7744527E-02
  -0.1067492    
  -0.1616379    
  -0.2049260    
  -0.2308643    
  -0.2368412    
  -0.2222022    
  -0.1877976    
  -0.1365850    
  -7.3830962E-02
  -5.9909690E-03
   6.0982712E-02
   0.1216852    
   0.1702271    
   0.2003333    
   0.2068421    
   0.1875643    
   0.1458327    
   9.0693824E-02
   3.0703794E-02
  -3.1634513E-02
  -9.6549191E-02
  -0.1592688    
  -0.2094035    
  -0.2379533    
  -0.2417756    
  -0.2211284    
  -0.1776910    
  -0.1151693    
  -3.9929319E-02
   3.9713003E-02
   0.1149402    
   0.1774407    
   0.2208517    
   0.2414760    
   0.2376328    
   0.2090729    
   0.1589405    
   9.6247651E-02
   3.1365395E-02
  -3.0939240E-02
  -9.0909347E-02
  -0.1460294    
  -0.1877539    
  -0.2070212    
  -0.2005069    
  -0.1703852    
  -0.1218340    
  -6.1116137E-02
   5.8633550E-03
   7.3715180E-02
   0.1364711    
   0.1876910    
   0.2220931    
   0.2367359    
   0.2307544    
   0.2048199    
   0.1615308    
   0.1066527    
   4.7654491E-02
  -1.0439691E-02
  -6.7097224E-02
  -0.1234294    
  -0.1777671    
  -0.2248521    
  -0.2589861    
  -0.2769603    
  -0.2777492    
  -0.2610410    
  -0.2272864    
  -0.1787111    
  -0.1204965    
  -6.1916262E-02
  -1.6908124E-02
   0.0000000E+00
   0.0000000E+00
   2.0700529E-02
   7.2642669E-02
   0.1375960    
   0.2007163    
   0.2527688    
   0.2886415    
   0.3062035    
   0.3051060    
   0.2856930    
   0.2488101    
   0.1972751    
   0.1366692    
   7.2706163E-02
   7.7652149E-03
  -5.8450423E-02
  -0.1242516    
  -0.1835495    
  -0.2287207    
  -0.2545995    
  -0.2590474    
  -0.2415504    
  -0.2030997    
  -0.1469315    
  -7.8915365E-02
  -6.0741105E-03
   6.5398104E-02
   0.1300942    
   0.1819430    
   0.2143452    
   0.2218068    
   0.2019015    
   0.1575187    
   9.7443692E-02
   3.0701287E-02
  -3.9187815E-02
  -0.1110272    
  -0.1784298    
  -0.2303950    
  -0.2586780    
  -0.2609195    
  -0.2375548    
  -0.1903355    
  -0.1231270    
  -4.2654622E-02
   4.2377386E-02
   0.1228402    
   0.1900314    
   0.2372328    
   0.2605794    
   0.2583273    
   0.2300376    
   0.1780826    
   0.1107038    
   3.8903795E-02
  -3.0953571E-02
  -9.7665973E-02
  -0.1577253    
  -0.2020940    
  -0.2219976    
  -0.2145258    
  -0.1821177    
  -0.1302538    
  -6.5551773E-02
   5.9334314E-03
   7.8777872E-02
   0.1468042    
   0.2029720    
   0.2414290    
   0.2589224    
   0.2544788    
   0.2285960    
   0.1834312    
   0.1241359    
   5.8348600E-02
  -7.8614941E-03
  -7.2793826E-02
  -0.1367581    
  -0.1973585    
  -0.2488916    
  -0.2857659    
  -0.3051750    
  -0.3062640    
  -0.2886970    
  -0.2528142    
  -0.2007529    
  -0.1376199    
  -7.2655275E-02
  -2.0703381E-02
   0.0000000E+00
   0.0000000E+00
   2.4689270E-02
   8.2966737E-02
   0.1532223    
   0.2202936    
   0.2751057    
   0.3125820    
   0.3306648    
   0.3291068    
   0.3082649    
   0.2688713    
   0.2134288    
   0.1473655    
   7.6688290E-02
   4.4481438E-03
  -6.8766363E-02
  -0.1401058    
  -0.2026912    
  -0.2489923    
  -0.2744511    
  -0.2772691    
  -0.2570903    
  -0.2149884    
  -0.1544941    
  -8.2037196E-02
  -5.1738676E-03
   6.9809198E-02
   0.1375628    
   0.1919124    
   0.2259450    
   0.2339372    
   0.2132929    
   0.1666397    
   0.1024522    
   3.0044485E-02
  -4.6158716E-02
  -0.1235348    
  -0.1943881    
  -0.2474844    
  -0.2753670    
  -0.2762165    
  -0.2505971    
  -0.2003098    
  -0.1293623    
  -4.4781946E-02
   4.4444513E-02
   0.1290177    
   0.1999552    
   0.2502305    
   0.2758427    
   0.2749877    
   0.2471102    
   0.1940257    
   0.1232039    
   4.5863710E-02
  -3.0299034E-02
  -0.1026796    
  -0.1668428    
  -0.2134898    
  -0.2341278    
  -0.2261367    
  -0.1920933    
  -0.1377396    
  -6.9973186E-02
   5.0129723E-03
   8.1887640E-02
   0.1543458    
   0.2148490    
   0.2569492    
   0.2771341    
   0.2743124    
   0.2488587    
   0.2025556    
   0.1399803    
   6.8646803E-02
  -4.5537706E-03
  -7.6791406E-02
  -0.1474615    
  -0.2135241    
  -0.2689573    
  -0.3083464    
  -0.3291785    
  -0.3307320    
  -0.3126397    
  -0.2751564    
  -0.2203326    
  -0.1532504    
  -8.2981139E-02
  -2.4693413E-02
   0.0000000E+00
   0.0000000E+00
   2.8711900E-02
   9.2464618E-02
   0.1668913    
   0.2370151    
   0.2939483    
   0.3325748    
   0.3509141    
   0.3487979    
   0.3265992    
   0.2849488    
   0.2261415    
   0.1554292    
   7.9028532E-02
   5.6552392E-04
  -7.8433655E-02
  -0.1540750    
  -0.2189054    
  -0.2656841    
  -0.2903726    
  -0.2914854    
  -0.2687779    
  -0.2234200    
  -0.1592035    
  -8.3146982E-02
  -3.2129802E-03
   7.4312910E-02
   0.1442684    
   0.2003720    
   0.2354610    
   0.2436177    
   0.2221831    
   0.1736009    
   0.1060780    
   2.9050879E-02
  -5.2227389E-02
  -0.1338437    
  -0.2070833    
  -0.2607760    
  -0.2881641    
  -0.2878146    
  -0.2603760    
  -0.2077050    
  -0.1339274    
  -4.6328347E-02
   4.5933060E-02
   0.1335290    
   0.2073019    
   0.2599715    
   0.2874093    
   0.2877657    
   0.2603874    
   0.2067181    
   0.1335089    
   5.1936258E-02
  -2.9305495E-02
  -0.1062963    
  -0.1738013    
  -0.2223718    
  -0.2438120    
  -0.2356524    
  -0.2005651    
  -0.1444514    
  -7.4494317E-02
   3.0425864E-03
   8.2977742E-02
   0.1590447    
   0.2232612    
   0.2686277    
   0.2913329    
   0.2902266    
   0.2655347    
   0.2187629    
   0.1539338    
   7.8306511E-02
  -6.8633026E-04
  -7.9137914E-02
  -0.1555374    
  -0.2262405    
  -0.2850434    
  -0.3266824    
  -0.3488760    
  -0.3509822    
  -0.3326374    
  -0.2940002    
  -0.2370581    
  -0.1669209    
  -9.2481822E-02
  -2.8716819E-02
   0.0000000E+00
   0.0000000E+00
   3.2589592E-02
   0.1007608    
   0.1782202    
   0.2505724    
   0.3090522    
   0.3484484    
   0.3668361    
   0.3641359    
   0.3406999    
   0.2970996    
   0.2354709    
   0.1609382    
   7.9823315E-02
  -3.7159349E-03
  -8.7272339E-02
  -0.1660059    
  -0.2321442    
  -0.2787924    
  -0.3024032    
  -0.3017268    
  -0.2766503    
  -0.2283912    
  -0.1610693    
  -8.2242720E-02
  -2.0246496E-04
   7.8950480E-02
   0.1502951    
   0.2074996    
   0.2431315    
   0.2511753    
   0.2289386    
   0.1787858    
   0.1086478    
   2.8016254E-02
  -5.7158921E-02
  -0.1418148    
  -0.2165385    
  -0.2703874    
  -0.2972186    
  -0.2958504    
  -0.2670102    
  -0.2126031    
  -0.1368725    
  -4.7309153E-02
   4.6861213E-02
   0.1364241    
   0.2121583    
   0.2665711    
   0.2954229    
   0.2968040    
   0.2699956    
   0.2161732    
   0.1414899    
   5.6874175E-02
  -2.8256435E-02
  -0.1088572    
  -0.1789702    
  -0.2291225    
  -0.2513614    
  -0.2433283    
  -0.2076934    
  -0.1504915    
  -7.9137787E-02
   1.5128866E-05
   8.2065381E-02
   0.1608922    
   0.2282244    
   0.2764831    
   0.3015681    
   0.3022423    
   0.2786386    
   0.2319883    
   0.1658601    
   8.7131664E-02
   3.5903915E-03
  -7.9944499E-02
  -0.1610492    
  -0.2355783    
  -0.2971948    
  -0.3407890    
  -0.3642136    
  -0.3669084    
  -0.3485106    
  -0.3091076    
  -0.2506160    
  -0.1782527    
  -0.1007791    
  -3.2595843E-02
   0.0000000E+00
   0.0000000E+00
   3.6131673E-02
   0.1075182    
   0.1868984    
   0.2607056    
   0.3202195    
   0.3600598    
   0.3783580    
   0.3750945    
   0.3506052    
   0.3053952    
   0.2415265    
   0.1639983    
   7.9210453E-02
  -8.2519818E-03
  -9.5127404E-02
  -0.1758199    
  -0.2423899    
  -0.2883689    
  -0.3106021    
  -0.3080813    
  -0.2807623    
  -0.2299587    
  -0.1601345    
  -7.9404034E-02
   3.7933898E-03
   8.3665468E-02
   0.1556599    
   0.2133643    
   0.2491197    
   0.2568268    
   0.2338510    
   0.1824887    
   0.1104455    
   2.7168101E-02
  -6.0774632E-02
  -0.1473864    
  -0.2228005    
  -0.2764392    
  -0.3026543    
  -0.3004457    
  -0.2705946    
  -0.2150745    
  -0.1382364    
  -4.7737297E-02
   4.7242846E-02
   0.1377456    
   0.2145927    
   0.2701297    
   0.2999995    
   0.3022339    
   0.2760468    
   0.2224473    
   0.1470735    
   6.0510151E-02
  -2.7393611E-02
  -0.1106327    
  -0.1826604    
  -0.2340182    
  -0.2570103    
  -0.2493105    
  -0.2135660    
  -0.1558580    
  -8.3866172E-02
  -3.9853752E-03
   7.9210952E-02
   0.1599513    
   0.2297761    
   0.2805903    
   0.3079088    
   0.3104384    
   0.2882033    
   0.2422323    
   0.1756633    
   9.4984628E-02
   8.1158280E-03
  -7.9333059E-02
  -0.1641173    
  -0.2416334    
  -0.3054957    
  -0.3506925    
  -0.3751757    
  -0.3784285    
  -0.3601245    
  -0.3202739    
  -0.2607516    
  -0.1869311    
  -0.1075384    
  -3.6138467E-02
   0.0000000E+00
   0.0000000E+00
   3.9137512E-02
   0.1124443    
   0.1926618    
   0.2671920    
   0.3272671    
   0.3672941    
   0.3854151    
   0.3816692    
   0.3563466    
   0.3099258    
   0.2444177    
   0.1647491    
   7.7323183E-02
  -1.2887201E-02
  -0.1018846    
  -0.1834478    
  -0.2496595    
  -0.2944565    
  -0.3150598    
  -0.3106283    
  -0.2812011    
  -0.2281866    
  -0.1565075    
  -7.4752584E-02
   8.6177830E-03
   8.8338971E-02
   0.1602680    
   0.2179520    
   0.2534653    
   0.2606990    
   0.2370897    
   0.1849258    
   0.1116636    
   2.6680840E-02
  -6.2971070E-02
  -0.1505322    
  -0.2259372    
  -0.2790259    
  -0.3045747    
  -0.3016858    
  -0.2712017    
  -0.2151661    
  -0.1380472    
  -4.7620546E-02
   4.7088061E-02
   0.1375206    
   0.2146564    
   0.2707158    
   0.3012311    
   0.3041519    
   0.2786442    
   0.2255976    
   0.1502437    
   6.2727042E-02
  -2.6878761E-02
  -0.1118314    
  -0.1850730    
  -0.2372458    
  -0.2608686    
  -0.2536570    
  -0.2181501    
  -0.1604754    
  -8.8540703E-02
  -8.8219196E-03
   7.4556693E-02
   0.1563105    
   0.2280009    
   0.2810166    
   0.3104546    
   0.3148856    
   0.2942913    
   0.2494933    
   0.1832922    
   0.1017336    
   1.2751804E-02
  -7.7452831E-02
  -0.1648661    
  -0.2445291    
  -0.3100232    
  -0.3564367    
  -0.3817471    
  -0.3854870    
  -0.3673559    
  -0.3273228    
  -0.2672366    
  -0.1926961    
  -0.1124647    
  -3.9145373E-02
   0.0000000E+00
   0.0000000E+00
   4.1405138E-02
   0.1152863    
   0.1952870    
   0.2698194    
   0.3300266    
   0.3700345    
   0.3879558    
   0.3838431    
   0.3579615    
   0.3107611    
   0.2442670    
   0.1633210    
   7.4315757E-02
  -1.7486135E-02
  -0.1074212    
  -0.1888433    
  -0.2539453    
  -0.2971057    
  -0.3158334    
  -0.3094518    
  -0.2780277    
  -0.2231764    
  -0.1503155    
  -6.8489864E-02
   1.4063207E-02
   9.2750393E-02
   0.1639489    
   0.2211224    
   0.2561131    
   0.2627874    
   0.2387287    
   0.1861947    
   0.1124235    
   2.6643332E-02
  -6.3691065E-02
  -0.1512721    
  -0.2260058    
  -0.2782266    
  -0.3030438    
  -0.2996262    
  -0.2688693    
  -0.2129052    
  -0.1363162    
  -4.6962481E-02
   4.6400841E-02
   0.1357636    
   0.2123739    
   0.2683727    
   0.2991672    
   0.3026294    
   0.2778574    
   0.2256911    
   0.1510078    
   6.3479245E-02
  -2.6816007E-02
  -0.1125605    
  -0.1863229    
  -0.2388632    
  -0.2629503    
  -0.2562949    
  -0.2213247    
  -0.1641537    
  -9.2960730E-02
  -1.4266292E-02
   6.8283871E-02
   0.1501181    
   0.2229797    
   0.2778436    
   0.3092690    
   0.3156615    
   0.2969336    
   0.2537827    
   0.1886822    
   0.1072739    
   1.7345585E-02
  -7.4441463E-02
  -0.1634413    
  -0.2443733    
  -0.3108600    
  -0.3580464    
  -0.3839215    
  -0.3880231    
  -0.3700964    
  -0.3300790    
  -0.2698646    
  -0.1953199    
  -0.1153075    
  -4.1413117E-02
   0.0000000E+00
   0.0000000E+00
   4.2739455E-02
   0.1158388    
   0.1945740    
   0.2683912    
   0.3283234    
   0.3681659    
   0.3859082    
   0.3815965    
   0.3554587    
   0.3079700    
   0.2411746    
   0.1598579    
   7.0327878E-02
  -2.1894982E-02
  -0.1116305    
  -0.1919310    
  -0.2552356    
  -0.2963179    
  -0.3129643    
  -0.3045772    
  -0.2713029    
  -0.2150120    
  -0.1417416    
  -6.0852986E-02
   1.9834576E-02
   9.6620746E-02
   0.1664174    
   0.2226456    
   0.2568759    
   0.2629912    
   0.2387131    
   0.1863060    
   0.1127433    
   2.7085900E-02
  -6.2946543E-02
  -0.1496454    
  -0.2230774    
  -0.2740934    
  -0.2980986    
  -0.2942834    
  -0.2636123    
  -0.2082926    
  -0.1330412    
  -4.5760915E-02
   4.5180924E-02
   0.1324712    
   0.2077503    
   0.2631100    
   0.2938302    
   0.2976950    
   0.2737473    
   0.2227875    
   0.1494155    
   6.2764376E-02
  -2.7223021E-02
  -0.1128548    
  -0.1864056    
  -0.2388333    
  -0.2631373    
  -0.2570556    
  -0.2228411    
  -0.1666275    
  -9.6826889E-02
  -2.0043669E-02
   6.0650662E-02
   0.1415368    
   0.2148180    
   0.2711116    
   0.3043985    
   0.3127872    
   0.2961515    
   0.2550698    
   0.1917765    
   0.1114808    
   2.1760827E-02
  -7.0455313E-02
  -0.1599713    
  -0.2412812    
  -0.3080620    
  -0.3555433    
  -0.3816686    
  -0.3859748    
  -0.3682228    
  -0.3283752    
  -0.2684334    
  -0.1946069    
  -0.1158589    
  -4.2747989E-02
   0.0000000E+00
   0.0000000E+00
   4.2975876E-02
   0.1139452    
   0.1903540    
   0.2627170    
   0.3219897    
   0.3615487    
   0.3791814    
   0.3748722    
   0.3488416    
   0.3015977    
   0.2352489    
   0.1544851    
   6.5517530E-02
  -2.5972867E-02
  -0.1143784    
  -0.1926332    
  -0.2534671    
  -0.2920724    
  -0.3064232    
  -0.2960079    
  -0.2610412    
  -0.2038039    
  -0.1309863    
  -5.2153971E-02
   2.5596606E-02
   9.9579729E-02
   0.1673198    
   0.2221711    
   0.2554771    
   0.2610852    
   0.2369005    
   0.1851573    
   0.1125719    
   2.7955800E-02
  -6.0787093E-02
  -0.1457328    
  -0.2172233    
  -0.2666804    
  -0.2897523    
  -0.2856615    
  -0.2554180    
  -0.2013111    
  -0.1282048    
  -4.4010475E-02
   4.3423034E-02
   0.1276289    
   0.2007649    
   0.2549204    
   0.2852178    
   0.2893692    
   0.2663576    
   0.2169672    
   0.1455346    
   6.0643431E-02
  -2.8062491E-02
  -0.1126494    
  -0.1852359    
  -0.2369977    
  -0.2612229    
  -0.2556447    
  -0.2223677    
  -0.1675232    
  -9.9788889E-02
  -2.5798237E-02
   5.1948778E-02
   0.1307878    
   0.2036054    
   0.2608560    
   0.2958259    
   0.3062535    
   0.2919043    
   0.2533101    
   0.1924786    
   0.1142378    
   2.5839211E-02
  -6.5635994E-02
  -0.1545970    
  -0.2353464    
  -0.3016874    
  -0.3489179    
  -0.3749421    
  -0.3792409    
  -0.3616038    
  -0.3220366    
  -0.2627581    
  -0.1903842    
  -0.1139652    
  -4.2983938E-02
   0.0000000E+00
   0.0000000E+00
   4.2012122E-02
   0.1095187    
   0.1825063    
   0.2526368    
   0.3108498    
   0.3500392    
   0.3676556    
   0.3636040    
   0.3380871    
   0.2916932    
   0.2265778    
   0.1473417    
   6.0029715E-02
  -2.9554907E-02
  -0.1155351    
  -0.1908296    
  -0.2485621    
  -0.2842847    
  -0.2961539    
  -0.2836885    
  -0.2472580    
  -0.1896585    
  -0.1183157    
  -4.2736713E-02
   3.0943446E-02
   0.1012185    
   0.1662066    
   0.2192783    
   0.2515281    
   0.2567682    
   0.2330406    
   0.1825752    
   0.1117667    
   2.9150100E-02
  -5.7323165E-02
  -0.1396353    
  -0.2085406    
  -0.2560370    
  -0.2780266    
  -0.2737523    
  -0.2442650    
  -0.1919248    
  -0.1217829    
  -4.1702863E-02
   4.1120406E-02
   0.1212110    
   0.1913858    
   0.2437771    
   0.2733274    
   0.2776656    
   0.2557460    
   0.2083159    
   0.1394762    
   5.7212718E-02
  -2.9219300E-02
  -0.1118179    
  -0.1826257    
  -0.2331236    
  -0.2568887    
  -0.2516919    
  -0.2194654    
  -0.1664107    
  -0.1014179    
  -3.1143915E-02
   4.2542439E-02
   0.1181175    
   0.1894693    
   0.2470718    
   0.2835161    
   0.2959846    
   0.2841273    
   0.2484071    
   0.1906868    
   0.1153975    
   2.9432630E-02
  -6.0144790E-02
  -0.1474424    
  -0.2266712    
  -0.2917725    
  -0.3381595    
  -0.3636651    
  -0.3677120    
  -0.3500873    
  -0.3108942    
  -0.2526733    
  -0.1825352    
  -0.1095366    
  -4.2020056E-02
   0.0000000E+00
   0.0000000E+00
   3.9829340E-02
   0.1025582    
   0.1709959    
   0.2380333    
   0.2947471    
   0.3334827    
   0.3512156    
   0.3477084    
   0.3231788    
   0.2782900    
   0.2152620    
   0.1385531    
   5.4029610E-02
  -3.2484978E-02
  -0.1149401    
  -0.1863974    
  -0.2403933    
  -0.2728522    
  -0.2820449    
  -0.2675565    
  -0.2299474    
  -0.1727406    
  -0.1040344    
  -3.3013705E-02
   3.5453957E-02
   0.1010711    
   0.1625926    
   0.2134590    
   0.2445809    
   0.2496446    
   0.2268250    
   0.1782988    
   0.1101332    
   3.0495396E-02
  -5.2698392E-02
  -0.1314977    
  -0.1971383    
  -0.2422385    
  -0.2629491    
  -0.2585580    
  -0.2301214    
  -0.1800948    
  -0.1137487    
  -3.8831607E-02
   3.8266327E-02
   0.1131932    
   0.1795705    
   0.2296530    
   0.2581547    
   0.2626177    
   0.2419778    
   0.1969512    
   0.1313722    
   5.2626524E-02
  -3.0534921E-02
  -0.1101528    
  -0.1783305    
  -0.2268871    
  -0.2497568    
  -0.2447318    
  -0.2136440    
  -0.1627857    
  -0.1012669    
  -3.5640083E-02
   3.2824911E-02
   0.1038500    
   0.1725545    
   0.2297732    
   0.2673868    
   0.2818882    
   0.2726988    
   0.2402517    
   0.1862599    
   0.1148164    
   3.2368306E-02
  -5.4131459E-02
  -0.1386479    
  -0.2153430    
  -0.2783638    
  -0.3232405    
  -0.3477648    
  -0.3512633    
  -0.3335271    
  -0.2947853    
  -0.2380674    
  -0.1710211    
  -0.1025749    
  -3.9836269E-02
   0.0000000E+00
   0.0000000E+00
   3.6463935E-02
   9.3177423E-02
   0.1559057    
   0.2188848    
   0.2735601    
   0.3117477    
   0.3297479    
   0.3271216    
   0.3040972    
   0.2614397    
   0.2013923    
   0.1282630    
   4.7672600E-02
  -3.4583800E-02
  -0.1124387    
  -0.1791795    
  -0.2288287    
  -0.2576298    
  -0.2639847    
  -0.2475225    
  -0.2091521    
  -0.1532684    
  -8.8542260E-02
  -2.3421014E-02
   3.8677402E-02
   9.8684646E-02
   0.1559581    
   0.2041845    
   0.2341202    
   0.2392824    
   0.2178755    
   0.1720275    
   0.1074099    
   3.1782925E-02
  -4.7109459E-02
  -0.1214869    
  -0.1831635    
  -0.2253800    
  -0.2445797    
  -0.2400905    
  -0.2129657    
  -0.1657858    
  -0.1040901    
  -3.5396442E-02
   3.4861483E-02
   0.1035617    
   0.1652874    
   0.2125215    
   0.2397165    
   0.2442777    
   0.2251549    
   0.1830091    
   0.1213988    
   4.7068264E-02
  -3.1789228E-02
  -0.1074076    
  -0.1720362    
  -0.2179263    
  -0.2393791    
  -0.2342662    
  -0.2043574    
  -0.1561462    
  -9.8864749E-02
  -3.8854443E-02
   2.3250816E-02
   8.8366866E-02
   0.1530985    
   0.2089838    
   0.2473675    
   0.2638342    
   0.2574915    
   0.2286944    
   0.1790577    
   0.1123228    
   3.4482360E-02
  -4.7766779E-02
  -0.1283435    
  -0.2014659    
  -0.2615009    
  -0.3041526    
  -0.3271676    
  -0.3297906    
  -0.3117843    
  -0.2735948    
  -0.2189136    
  -0.1559286    
  -9.3191408E-02
  -3.6470287E-02
   0.0000000E+00
   0.0000000E+00
   3.2040589E-02
   8.1638426E-02
   0.1375049    
   0.1953228    
   0.2472632    
   0.2847362    
   0.3031793    
   0.3017983    
   0.2808562    
   0.2411983    
   0.1850829    
   0.1166086    
   4.1133579E-02
  -3.5683602E-02
  -0.1078557    
  -0.1690294    
  -0.2137123    
  -0.2384868    
  -0.2418501    
  -0.2235422    
  -0.1849796    
  -0.1316033    
  -7.2319165E-02
  -1.4443488E-02
   4.0207058E-02
   9.3638085E-02
   0.1458425    
   0.1909202    
   0.2196347    
   0.2252119    
   0.2058023    
   0.1634140    
   0.1033117    
   3.2753382E-02
  -4.0778238E-02
  -0.1098142    
  -0.1667884    
  -0.2056026    
  -0.2230080    
  -0.2183944    
  -0.1927928    
  -0.1489971    
  -9.2828237E-02
  -3.1413354E-02
   3.0921273E-02
   9.2339583E-02
   0.1485323    
   0.1923813    
   0.2180510    
   0.2227407    
   0.2054095    
   0.1666697    
   0.1097559    
   4.0769309E-02
  -3.2736551E-02
  -0.1032855    
  -0.1634099    
  -0.2058371    
  -0.2253017    
  -0.2197675    
  -0.1910871    
  -0.1460145    
  -9.3807176E-02
  -4.0362973E-02
   1.4287146E-02
   7.2165325E-02
   0.1314448    
   0.1848293    
   0.2233961    
   0.2417166    
   0.2383576    
   0.2135952    
   0.1689175    
   0.1077569    
   3.5591714E-02
  -4.1211877E-02
  -0.1166801    
  -0.1851421    
  -0.2412515    
  -0.2808996    
  -0.3018380    
  -0.3032125    
  -0.2847681    
  -0.2472911    
  -0.1953482    
  -0.1375234    
  -8.1650577E-02
  -3.2045573E-02
   0.0000000E+00
   0.0000000E+00
   2.6785845E-02
   6.8395972E-02
   0.1163185    
   0.1677459    
   0.2160029    
   0.2524418    
   0.2714834    
   0.2717512    
   0.2534986    
   0.2176596    
   0.1664528    
   0.1037496    
   3.4577422E-02
  -3.5604358E-02
  -0.1010373    
  -0.1557947    
  -0.1949196    
  -0.2153018    
  -0.2155747    
  -0.1956398    
  -0.1577265    
  -0.1082856    
  -5.5982530E-02
  -6.5592695E-03
   3.9697330E-02
   8.5656829E-02
   0.1319002    
   0.1732338    
   0.2006355    
   0.2069953    
   0.1902058    
   0.1521160    
   9.7521335E-02
   3.3131842E-02
  -3.3968493E-02
  -9.6716098E-02
  -0.1482350    
  -0.1830881    
  -0.1983781    
  -0.1935496    
  -0.1696505    
  -0.1297985    
  -8.0059007E-02
  -2.6927887E-02
   2.6491197E-02
   7.9620890E-02
   0.1293781    
   0.1692758    
   0.1932424    
   0.1981433    
   0.1829291    
   0.1481447    
   9.6687749E-02
   3.3981729E-02
  -3.3092048E-02
  -9.7482167E-02
  -0.1520974    
  -0.1902340    
  -0.2070726    
  -0.2007619    
  -0.1733849    
  -0.1320599    
  -8.5803621E-02
  -3.9836533E-02
   6.4280112E-03
   5.5845927E-02
   0.1081502    
   0.1575894    
   0.1955129    
   0.2154527    
   0.2151914    
   0.1948139    
   0.1557011    
   0.1009498    
   3.5529748E-02
  -3.4645278E-02
  -0.1038054    
  -0.1665027    
  -0.2176995    
  -0.2535343    
  -0.2717801    
  -0.2715110    
  -0.2524660    
  -0.2160269    
  -0.1677657    
  -0.1163340    
  -6.8405017E-02
  -2.6789961E-02
   0.0000000E+00
   0.0000000E+00
   2.1036377E-02
   5.4122295E-02
   9.3215972E-02
   0.1369540    
   0.1802619    
   0.2150239    
   0.2347285    
   0.2370548    
   0.2221326    
   0.1909470    
   0.1456560    
   8.9845039E-02
   2.8181709E-02
  -3.4189716E-02
  -9.1837138E-02
  -0.1393689    
  -0.1723572    
  -0.1880323    
  -0.1851694    
  -0.1640497    
  -0.1279817    
  -8.4152050E-02
  -4.0268052E-02
  -2.3982141E-04
   3.6961894E-02
   7.4684903E-02
   0.1140635    
   0.1508855    
   0.1767619    
   0.1842421    
   0.1707375    
   0.1377968    
   8.9731909E-02
   3.2616578E-02
  -2.6961533E-02
  -8.2474321E-02
  -0.1277643    
  -0.1580826    
  -0.1708881    
  -0.1657055    
  -0.1436873    
  -0.1084120    
  -6.6006929E-02
  -2.2035949E-02
   2.1665351E-02
   6.5631136E-02
   0.1080442    
   0.1433571    
   0.1654348    
   0.1706883    
   0.1579522    
   0.1277021    
   8.2466222E-02
   2.6994927E-02
  -3.2565292E-02
  -8.9680776E-02
  -0.1377741    
  -0.1707568    
  -0.1843145    
  -0.1768747    
  -0.1510246    
  -0.1142005    
  -7.4812815E-02
  -3.7074566E-02
   1.2911230E-04
   4.0158726E-02
   8.4035806E-02
   0.1278680    
   0.1639373    
   0.1850675    
   0.1879350    
   0.1722710    
   0.1392881    
   9.1768004E-02
   3.4126945E-02
  -2.8233057E-02
  -8.9890487E-02
  -0.1456916    
  -0.1909782    
  -0.2221567    
  -0.2370773    
  -0.2347475    
  -0.2150437    
  -0.1802796    
  -0.1369702    
  -9.3227059E-02
  -5.4129262E-02
  -2.1039076E-02
   0.0000000E+00
   0.0000000E+00
   1.5223148E-02
   3.9711274E-02
   6.9464117E-02
   0.1043250    
   0.1410996    
   0.1730168    
   0.1931311    
   0.1978851    
   0.1869294    
   0.1612419    
   0.1228651    
   7.5075224E-02
   2.2105606E-02
  -3.1295970E-02
  -8.0163755E-02
  -0.1196942    
  -0.1460299    
  -0.1567381    
  -0.1508609    
  -0.1293950    
  -9.6845843E-02
  -6.0381498E-02
  -2.6047297E-02
   4.1312263E-03
   3.2025252E-02
   6.1043125E-02
   9.2700176E-02
   0.1240544    
   0.1478877    
   0.1566951    
   0.1471097    
   0.1201739    
   7.9642527E-02
   3.0908482E-02
  -2.0072958E-02
  -6.7403913E-02
  -0.1057015    
  -0.1308948    
  -0.1408211    
  -0.1351277    
  -0.1152752    
  -8.5331477E-02
  -5.1107954E-02
  -1.6907971E-02
   1.6612222E-02
   5.0803233E-02
   8.5026778E-02
   0.1149946    
   0.1348977    
   0.1406528    
   0.1307926    
   0.1056587    
   6.7412987E-02
   2.0115176E-02
  -3.0848974E-02
  -7.9590715E-02
  -0.1201473    
  -0.1471282    
  -0.1567583    
  -0.1479909    
  -0.1241720    
  -9.2816435E-02
  -6.1143138E-02
  -3.2115705E-02
  -4.2138603E-03
   2.5960563E-02
   6.0293004E-02
   9.6751951E-02
   0.1293055    
   0.1507745    
   0.1566612    
   0.1459579    
   0.1196324    
   8.0107577E-02
   3.1250190E-02
  -2.2145756E-02
  -7.5106025E-02
  -0.1228915    
  -0.1612612    
  -0.1869467    
  -0.1978986    
  -0.1931453    
  -0.1730302    
  -0.1411135    
  -0.1043359    
  -6.9472201E-02
  -3.9715424E-02
  -1.5224949E-02
   0.0000000E+00
   0.0000000E+00
   9.8335771E-03
   2.6222194E-02
   4.6719681E-02
   7.1938276E-02
   0.1005057    
   0.1277315    
   0.1472959    
   0.1545581    
   0.1481507    
   0.1287728    
   9.8291799E-02
   5.9616290E-02
   1.6498219E-02
  -2.6835607E-02
  -6.5986246E-02
  -9.6823074E-02
  -0.1160674    
  -0.1217171    
  -0.1133399    
  -9.3068615E-02
  -6.6105545E-02
  -3.8535610E-02
  -1.4235498E-02
   6.3064764E-03
   2.5234958E-02
   4.5535747E-02
   6.8868145E-02
   9.3632378E-02
   0.1144252    
   0.1243357    
   0.1191560    
   9.9018671E-02
   6.6991344E-02
   2.7698560E-02
  -1.3638984E-02
  -5.1877178E-02
  -8.2433514E-02
  -0.1019258    
  -0.1085888    
  -0.1023599    
  -8.5228406E-02
  -6.1506633E-02
  -3.6095563E-02
  -1.1813704E-02
   1.1597120E-02
   3.5868876E-02
   6.1272249E-02
   8.5005723E-02
   0.1021720    
   0.1084532    
   0.1018455    
   8.2407050E-02
   5.1893041E-02
   1.3685254E-02
  -2.7642414E-02
  -6.6941902E-02
  -9.8997593E-02
  -0.1191724    
  -0.1243945    
  -0.1145110    
  -9.3728922E-02
  -6.8954937E-02
  -4.5611173E-02
  -2.5297565E-02
  -6.3665803E-03
   1.4176626E-02
   3.8470343E-02
   6.6038460E-02
   9.2998534E-02
   0.1132751    
   0.1216558    
   0.1160146    
   9.6775018E-02
   6.5947086E-02
   2.6801556E-02
  -1.6523875E-02
  -5.9637658E-02
  -9.8306432E-02
  -0.1287850    
  -0.1481591    
  -0.1545669    
  -0.1473041    
  -0.1277414    
  -0.1005143    
  -7.1945682E-02
  -4.6723954E-02
  -2.6224639E-02
  -9.8343166E-03
   0.0000000E+00
   0.0000000E+00
   5.3422004E-03
   1.4760030E-02
   2.6880011E-02
   4.2550653E-02
   6.1705370E-02
   8.1972010E-02
   9.8892562E-02
   0.1078359    
   0.1061955    
   9.3828127E-02
   7.2159693E-02
   4.3642424E-02
   1.1456043E-02
  -2.0791529E-02
  -4.9396571E-02
  -7.0959687E-02
  -8.2890160E-02
  -8.3847776E-02
  -7.4407145E-02
  -5.7671808E-02
  -3.8335577E-02
  -2.0401858E-02
  -5.6654862E-03
   6.2973611E-03
   1.7305214E-02
   2.9560193E-02
   4.4507567E-02
   6.1688654E-02
   7.7884004E-02
   8.7809280E-02
   8.6958997E-02
   7.4202657E-02
   5.1540893E-02
   2.2678263E-02
  -8.0423867E-03
  -3.6327168E-02
  -5.8446996E-02
  -7.1731657E-02
  -7.4954376E-02
  -6.8604857E-02
  -5.5179395E-02
  -3.8537525E-02
  -2.2063766E-02
  -7.1304608E-03
   6.9917114E-03
   2.1915676E-02
   3.8379215E-02
   5.5020865E-02
   6.8465576E-02
   7.4850172E-02
   7.1671613E-02
   5.8428690E-02
   3.6344856E-02
   8.0818878E-03
  -2.2630390E-02
  -5.1503524E-02
  -7.4188188E-02
  -8.6978443E-02
  -8.7857857E-02
  -7.7951416E-02
  -6.1755612E-02
  -4.4567000E-02
  -2.9607071E-02
  -1.7345753E-02
  -6.3327667E-03
   5.6280037E-03
   2.0362839E-02
   3.8291037E-02
   5.7626434E-02
   7.4360609E-02
   8.3806098E-02
   8.2851782E-02
   7.0928276E-02
   4.9369343E-02
   2.0771259E-02
  -1.1472439E-02
  -4.3652933E-02
  -7.2167724E-02
  -9.3832530E-02
  -0.1061997    
  -0.1078394    
  -9.8897912E-02
  -8.1977218E-02
  -6.1710753E-02
  -4.2554017E-02
  -2.6882173E-02
  -1.4760708E-02
  -5.3424477E-03
   0.0000000E+00
   0.0000000E+00
   2.1258900E-03
   6.2812408E-03
   1.1772669E-02
   1.9233298E-02
   2.9106775E-02
   4.0760431E-02
   5.2147340E-02
   6.0238276E-02
   6.2271200E-02
   5.6946516E-02
   4.4726398E-02
   2.7261598E-02
   6.9736680E-03
  -1.3315328E-02
  -3.0738413E-02
  -4.2815093E-02
  -4.7924645E-02
  -4.5797277E-02
  -3.7969939E-02
  -2.7286630E-02
  -1.6593801E-02
  -7.6379040E-03
  -8.0923177E-04
   4.4848435E-03
   9.3656238E-03
   1.5064253E-02
   2.2516506E-02
   3.1864755E-02
   4.1857865E-02
   4.9612299E-02
   5.1672179E-02
   4.6016734E-02
   3.3178024E-02
   1.5525942E-02
  -3.7292689E-03
  -2.1321684E-02
  -3.4490496E-02
  -4.1456163E-02
  -4.1765194E-02
  -3.6512930E-02
  -2.8011214E-02
  -1.8768683E-02
  -1.0424028E-02
  -3.3173072E-03
   3.2469963E-03
   1.0347714E-02
   1.8683523E-02
   2.7921224E-02
   3.6427468E-02
   4.1697364E-02
   4.1414253E-02
   3.4477755E-02
   2.1332929E-02
   3.7568663E-03
  -1.5495216E-02
  -3.3155147E-02
  -4.6013191E-02
  -5.1689785E-02
  -4.9647696E-02
  -4.1898429E-02
  -3.1903155E-02
  -2.2546744E-02
  -1.5088866E-02
  -9.3846489E-03
  -4.5029745E-03
   7.9214247E-04
   7.6179528E-03
   1.6572401E-02
   2.7261753E-02
   3.7945013E-02
   4.5771956E-02
   4.7902834E-02
   4.2795666E-02
   3.0723915E-02
   1.3303809E-02
  -6.9806352E-03
  -2.7266359E-02
  -4.4728156E-02
  -5.6947868E-02
  -6.2271759E-02
  -6.0240146E-02
  -5.2149381E-02
  -4.0763188E-02
  -2.9108580E-02
  -1.9234639E-02
  -1.1772948E-02
  -6.2813349E-03
  -2.1257247E-03
   0.0000000E+00
   0.0000000E+00
   3.7558499E-04
   1.3670825E-03
   2.7030623E-03
   4.6261288E-03
   7.4219196E-03
   1.1140022E-02
   1.5409824E-02
   1.9344036E-02
   2.1682275E-02
   2.1227261E-02
   1.7512377E-02
   1.1007120E-02
   2.8923352E-03
  -5.2401605E-03
  -1.1792833E-02
  -1.5589038E-02
  -1.6212447E-02
  -1.4165247E-02
  -1.0632696E-02
  -6.8219421E-03
  -3.5442181E-03
  -1.1008983E-03
   5.8680726E-04
   1.8092034E-03
   2.9453046E-03
   4.3869824E-03
   6.4619915E-03
   9.3488321E-03
   1.2885435E-02
   1.6320080E-02
   1.8302958E-02
   1.7441662E-02
   1.3287020E-02
   6.5930882E-03
  -1.0845249E-03
  -7.9769567E-03
  -1.2675266E-02
  -1.4515506E-02
  -1.3690185E-02
  -1.1144148E-02
  -7.9885190E-03
  -5.0474647E-03
  -2.6812286E-03
  -8.3333667E-04
   8.1283337E-04
   2.6584181E-03
   5.0209840E-03
   7.9583926E-03
   1.1112974E-02
   1.3662165E-02
   1.4496197E-02
   1.2667333E-02
   7.9805944E-03
   1.0953103E-03
  -6.5806890E-03
  -1.3280011E-02
  -1.7443115E-02
  -1.8313427E-02
  -1.6334550E-02
  -1.2900335E-02
  -9.3607595E-03
  -6.4715059E-03
  -4.3937606E-03
  -2.9511258E-03
  -1.8138750E-03
  -5.9195183E-04
   1.0957835E-03
   3.5376975E-03
   6.8149073E-03
   1.0624225E-02
   1.4156816E-02
   1.6203789E-02
   1.5581894E-02
   1.1786844E-02
   5.2364073E-03
  -2.8947101E-03
  -1.1007707E-02
  -1.7512565E-02
  -2.1226862E-02
  -2.1682436E-02
  -1.9344289E-02
  -1.5410512E-02
  -1.1140483E-02
  -7.4223015E-03
  -4.6261176E-03
  -2.7030029E-03
  -1.3668743E-03
  -3.7548831E-04
   0.0000000E+00
   0.0000000E+00
   0.0000000E+00
   0.0000000E+00
   0.0000000E+00
   0.0000000E+00
   0.0000000E+00
   0.0000000E+00
   0.0000000E+00
   0.0000000E+00
   0.0000000E+00
   0.0000000E+00
   0.0000000E+00
   0.0000000E+00
   0.0000000E+00
   0.0000000E+00
   0.0000000E+00
   0.0000000E+00
   0.0000000E+00
   0.0000000E+00
   0.0000000E+00
   0.0000000E+00
   0.0000000E+00
   0.0000000E+00
   0.0000000E+00
   0.0000000E+00
   0.0000000E+00
   0.0000000E+00
   0.0000000E+00
   0.0000000E+00
   0.0000000E+00
   0.0000000E+00
   0.0000000E+00
   0.0000000E+00
   0.0000000E+00
   0.0000000E+00
   0.0000000E+00
   0.0000000E+00
   0.0000000E+00
   0.0000000E+00
   0.0000000E+00
   0.0000000E+00
   0.0000000E+00
   0.0000000E+00
   0.0000000E+00
   0.0000000E+00
   0.0000000E+00
   0.0000000E+00
   0.0000000E+00
   0.0000000E+00
   0.0000000E+00
   0.0000000E+00
   0.0000000E+00
   0.0000000E+00
   0.0000000E+00
   0.0000000E+00
   0.0000000E+00
   0.0000000E+00
   0.0000000E+00
   0.0000000E+00
   0.0000000E+00
   0.0000000E+00
   0.0000000E+00
   0.0000000E+00
   0.0000000E+00
   0.0000000E+00
   0.0000000E+00
   0.0000000E+00
   0.0000000E+00
   0.0000000E+00
   0.0000000E+00
   0.0000000E+00
   0.0000000E+00
   0.0000000E+00
   0.0000000E+00
   0.0000000E+00
   0.0000000E+00
   0.0000000E+00
   0.0000000E+00
   0.0000000E+00
   0.0000000E+00
   0.0000000E+00
   0.0000000E+00
   0.0000000E+00
   0.0000000E+00
   0.0000000E+00
   0.0000000E+00
   0.0000000E+00
   0.0000000E+00
   0.0000000E+00
   0.0000000E+00
