  0.0000000e+000  0.0000000e+000
  2.0000000e-002  2.9492484e-003
  4.0000000e-002  1.1247018e-002
  6.0000000e-002  2.3355727e-002
  8.0000000e-002  3.6974639e-002
  1.0000000e-001  4.9357915e-002
  1.2000000e-001  5.7699244e-002
  1.4000000e-001  5.9535956e-002
  1.6000000e-001  5.3122635e-002
  1.8000000e-001  3.7727048e-002
  2.0000000e-001  1.3809522e-002
  2.2000000e-001 -1.6940239e-002
  2.4000000e-001 -5.1718832e-002
  2.6000000e-001 -8.6869745e-002
  2.8000000e-001 -1.1826420e-001
  3.0000000e-001 -1.4176295e-001
  3.2000000e-001 -1.5370893e-001
  3.4000000e-001 -1.5139555e-001
  3.6000000e-001 -1.3345576e-001
  3.8000000e-001 -1.0012394e-001
  4.0000000e-001 -5.3334661e-002
  4.2000000e-001  3.3608616e-003
  4.4000000e-001  6.5060959e-002
  4.6000000e-001  1.2594259e-001
  4.8000000e-001  1.7981530e-001
  5.0000000e-001  2.2074697e-001
  5.2000000e-001  2.4369849e-001
  5.4000000e-001  2.4510078e-001
  5.6000000e-001  2.2331104e-001
  5.8000000e-001  1.7889482e-001
  6.0000000e-001  1.1469688e-001
  6.2000000e-001  3.5683497e-002
  6.4000000e-001 -5.1437733e-002
  6.6000000e-001 -1.3879199e-001
  6.8000000e-001 -2.1805562e-001
  7.0000000e-001 -2.8125263e-001
  7.2000000e-001 -3.2155291e-001
  7.4000000e-001 -3.3399265e-001
  7.6000000e-001 -3.1604226e-001
  7.8000000e-001 -2.6795973e-001
  8.0000000e-001 -1.9288639e-001
  8.2000000e-001 -9.6665978e-002
  8.4000000e-001  1.2605539e-002
  8.6000000e-001  1.2526495e-001
  8.8000000e-001  2.3094342e-001
  9.0000000e-001  3.1952727e-001
  9.2000000e-001  3.8212819e-001
  9.4000000e-001  4.1196987e-001
  9.6000000e-001  4.0510287e-001
  9.8000000e-001  3.6087378e-001
  1.0000000e+000  2.8209627e-001
  1.0200000e+000  1.7489851e-001
  1.0400000e+000  4.8252188e-002
  1.0600000e+000 -8.6781326e-002
  1.0800000e+000 -2.1802400e-001
  1.1000000e+000 -3.3328712e-001
  1.1200000e+000 -4.2150911e-001
  1.1400000e+000 -4.7381843e-001
  1.1600000e+000 -4.8441950e-001
  1.1800000e+000 -4.5121347e-001
  1.2000000e+000 -3.7608912e-001
  1.2200000e+000 -2.6484843e-001
  1.2400000e+000 -1.2676534e-001
  1.2600000e+000  2.6189482e-002
  1.2800000e+000  1.8039292e-001
  1.3000000e+000  3.2179080e-001
  1.3200000e+000  4.3718644e-001
  1.3400000e+000  5.1547730e-001
  1.3600000e+000  5.4872369e-001
  1.3800000e+000  5.3294641e-001
  1.4000000e+000  4.6857397e-001
  1.4200000e+000  3.6049106e-001
  1.4400000e+000  2.1767615e-001
  1.4600000e+000  5.2454446e-002
  1.4800000e+000 -1.2057170e-001
  1.5000000e+000 -2.8582135e-001
  1.5200000e+000 -4.2814643e-001
  1.5400000e+000 -5.3422747e-001
  1.5600000e+000 -5.9382430e-001
  1.5800000e+000 -6.0076412e-001
  1.6000000e+000 -5.5357148e-001
  1.6200000e+000 -4.5567672e-001
  1.6400000e+000 -3.1517736e-001
  1.6600000e+000 -1.4416786e-001
  1.6800000e+000  4.2306602e-002
  1.7000000e+000  2.2758154e-001
  1.7200000e+000  3.9487099e-001
  1.7400000e+000  5.2879652e-001
  1.7600000e+000  6.1680740e-001
  1.7800000e+000  6.5036024e-001
  1.8000000e+000  6.2574686e-001
  1.8200000e+000  5.4449045e-001
  1.8400000e+000  4.1326865e-001
  1.8600000e+000  2.4336517e-001
  1.8800000e+000  4.9695059e-002
  1.9000000e+000 -1.5051178e-001
  1.9200000e+000 -3.3925193e-001
  1.9400000e+000 -4.9937611e-001
  1.9600000e+000 -6.1615508e-001
  1.9800000e+000 -6.7864022e-001
  2.0000000e+000 -6.8069270e-001
  2.0200000e+000 -6.2158413e-001
  2.0400000e+000 -5.0611024e-001
  2.0600000e+000 -3.4420316e-001
  2.0800000e+000 -1.5007336e-001
  2.1000000e+000  5.9044086e-002
  2.1200000e+000  2.6442777e-001
  2.1400000e+000  4.4755473e-001
  2.1600000e+000  5.9177933e-001
  2.1800000e+000  6.8385329e-001
  2.2000000e+000  7.1514762e-001
  2.2200000e+000  6.8246311e-001
  2.2400000e+000  5.8835330e-001
  2.2600000e+000  4.4092764e-001
  2.2800000e+000  2.5314963e-001
  2.3000000e+000  4.1691162e-002
  2.3200000e+000 -1.7455524e-001
  2.3400000e+000 -3.7617285e-001
  2.3600000e+000 -5.4497267e-001
  2.3800000e+000 -6.6564215e-001
  2.4000000e+000 -7.2714043e-001
  2.4200000e+000 -7.2371262e-001
  2.4400000e+000 -6.5542940e-001
  2.4600000e+000 -5.2820146e-001
  2.4800000e+000 -3.5326555e-001
  2.5000000e+000 -1.4618715e-001
  2.5200000e+000  7.4531378e-002
  2.5400000e+000  2.8911194e-001
  2.5600000e+000  4.7828140e-001
  2.5800000e+000  6.2501068e-001
  2.6000000e+000  7.1605474e-001
  2.6200000e+000  7.4315337e-001
  2.6400000e+000  7.0378376e-001
  2.6600000e+000  6.0139570e-001
  2.6800000e+000  4.4510785e-001
  2.7000000e+000  2.4889157e-001
  2.7200000e+000  3.0316083e-002
  2.7400000e+000 -1.9103199e-001
  2.7600000e+000 -3.9531183e-001
  2.7800000e+000 -5.6421492e-001
  2.8000000e+000 -6.8261323e-001
  2.8200000e+000 -7.3992018e-001
  2.8400000e+000 -7.3104131e-001
  2.8600000e+000 -6.5682901e-001
  2.8800000e+000 -5.2400053e-001
  2.9000000e+000 -3.4452725e-001
  2.9200000e+000 -1.3455092e-001
  2.9400000e+000  8.7074545e-002
  2.9600000e+000  3.0048335e-001
  2.9800000e+000  4.8658631e-001
  3.0000000e+000  6.2878576e-001
  3.0200000e+000  7.1446213e-001
  3.0400000e+000  7.3609860e-001
  3.0600000e+000  6.9194309e-001
  3.0800000e+000  5.8614917e-001
  3.1000000e+000  4.2838455e-001
  3.1200000e+000  2.3294431e-001
  3.1400000e+000  1.7450291e-002
  3.1600000e+000 -1.9874431e-001
  3.1800000e+000 -3.9630027e-001
  3.2000000e+000 -5.5762951e-001
  3.2200000e+000 -6.6846741e-001
  3.2400000e+000 -7.1913913e-001
  3.2600000e+000 -7.0540708e-001
  3.2800000e+000 -6.2882513e-001
  3.3000000e+000 -4.9656981e-001
  3.3200000e+000 -3.2076658e-001
  3.3400000e+000 -1.1737432e-001
  3.3600000e+000  9.5268799e-002
  3.3800000e+000  2.9810526e-001
  3.4000000e+000  4.7307294e-001
  3.4200000e+000  6.0471994e-001
  3.4400000e+000  6.8157437e-001
  3.4600000e+000  6.9714743e-001
  3.4800000e+000  6.5048151e-001
  3.5000000e+000  5.4619731e-001
  3.5200000e+000  3.9403888e-001
  3.5400000e+000  2.0796154e-001
  3.5600000e+000  4.8478252e-003
  3.5800000e+000 -1.9702965e-001
  3.6000000e+000 -3.7965829e-001
  3.6200000e+000 -5.2689877e-001
  3.6400000e+000 -6.2591662e-001
  3.6600000e+000 -6.6830450e-001
  3.6800000e+000 -6.5079684e-001
  3.7000000e+000 -5.7551604e-001
  3.7200000e+000 -4.4973216e-001
  3.7400000e+000 -2.8516230e-001
  3.7600000e+000 -9.6877032e-002
  3.7800000e+000  9.8083870e-002
  3.8000000e+000  2.8225884e-001
  3.8200000e+000  4.3933408e-001
  3.8400000e+000  5.5559377e-001
  3.8600000e+000  6.2112139e-001
  3.8800000e+000  6.3064680e-001
  3.9000000e+000  5.8396647e-001
  3.9200000e+000  4.8590380e-001
  3.9400000e+000  3.4581831e-001
  3.9600000e+000  1.7671295e-001
  3.9800000e+000 -5.9751883e-003
  4.0000000e+000 -1.8578826e-001
  4.0200000e+000 -3.4673521e-001
  4.0400000e+000 -4.7471874e-001
  4.0600000e+000 -5.5877378e-001
  4.0800000e+000 -5.9200852e-001
  4.1000000e+000 -5.7216685e-001
  4.1200000e+000 -5.0176688e-001
  4.1400000e+000 -3.8780854e-001
  4.1600000e+000 -2.4108260e-001
  4.1800000e+000 -7.5148985e-002
  4.2000000e+000  9.4918960e-002
  4.2200000e+000  2.5390769e-001
  4.2400000e+000  3.8782874e-001
  4.2600000e+000  4.8515309e-001
  4.2800000e+000  5.3780545e-001
  4.3000000e+000  5.4183259e-001
  4.3200000e+000  4.9769037e-001
  4.3400000e+000  4.1013003e-001
  4.3600000e+000  2.8770016e-001
  4.3800000e+000  1.4191576e-001
  4.4000000e+000 -1.3825216e-002
  4.4200000e+000 -1.6547576e-001
  4.4400000e+000 -2.9961038e-001
  4.4600000e+000 -4.0461700e-001
  4.4800000e+000 -4.7170416e-001
  4.5000000e+000 -4.9563591e-001
  4.5200000e+000 -4.7513318e-001
  4.5400000e+000 -4.1291152e-001
  4.5600000e+000 -3.1535877e-001
  4.5800000e+000 -1.9188868e-001
  4.6000000e+000 -5.4035124e-002
  4.6200000e+000  8.5626072e-002
  4.6400000e+000  2.1462690e-001
  4.6600000e+000  3.2172315e-001
  4.6800000e+000  3.9787640e-001
  4.7000000e+000  4.3701625e-001
  4.7200000e+000  4.3651843e-001
  4.7400000e+000  3.9736174e-001
  4.7600000e+000  3.2395686e-001
  4.7800000e+000  2.2366967e-001
  4.8000000e+000  1.0608938e-001
  4.8200000e+000 -1.7886509e-002
  4.8400000e+000 -1.3706320e-001
  4.8600000e+000 -2.4096163e-001
  4.8800000e+000 -3.2074167e-001
  4.9000000e+000 -3.6995411e-001
  4.9200000e+000 -3.8505734e-001
  4.9400000e+000 -3.6565793e-001
  4.9600000e+000 -3.1446027e-001
  4.9800000e+000 -2.3693759e-001
  5.0000000e+000 -1.4076152e-001
  5.0200000e+000 -3.5048620e-002
  5.0400000e+000  7.0502489e-002
  5.0600000e+000  1.6650199e-001
  5.0800000e+000  2.4470562e-001
  5.1000000e+000  2.9872277e-001
  5.1200000e+000  3.2453495e-001
  5.1400000e+000  3.2078317e-001
  5.1600000e+000  2.8880467e-001
  5.1800000e+000  2.3242357e-001
  5.2000000e+000  9.7180413e-002
  5.2200000e+000  1.4674065e-002
  5.2400000e+000 -3.3145995e-003
  5.2600000e+000 -1.8190796e-002
  5.2800000e+000 -3.1526673e-002
  5.3000000e+000 -4.4899318e-002
  5.3200000e+000 -5.9414413e-002
  5.3400000e+000 -7.5341150e-002
  5.3600000e+000 -9.1922608e-002
  5.3800000e+000 -1.0739667e-001
  5.4000000e+000 -1.1922819e-001
  5.4200000e+000 -1.2451857e-001
  5.4400000e+000 -1.2052963e-001
  5.4600000e+000 -1.0523839e-001
  5.4800000e+000 -7.7831701e-002
  5.5000000e+000 -3.9055438e-002
  5.5200000e+000  8.6480350e-003
  5.5400000e+000  6.1251445e-002
  5.5600000e+000  1.1350469e-001
  5.5800000e+000  1.5951193e-001
  5.6000000e+000  1.9345497e-001
  5.6200000e+000  2.1036957e-001
  5.6400000e+000  2.0686914e-001
  5.6600000e+000  1.8171239e-001
  5.6800000e+000  1.3612791e-001
  5.7000000e+000  7.3838294e-002
  5.7200000e+000  7.6386597e-004
  5.7400000e+000 -7.5571068e-002
  5.7600000e+000 -1.4686659e-001
  5.7800000e+000 -2.0501347e-001
  5.8000000e+000 -2.4307919e-001
  5.8200000e+000 -2.5618854e-001
  5.8400000e+000 -2.4218343e-001
  5.8600000e+000 -2.0197080e-001
  5.8800000e+000 -1.3950540e-001
  5.9000000e+000 -6.1398992e-002
  5.9200000e+000  2.3805100e-002
  5.9400000e+000  1.0660968e-001
  5.9600000e+000  1.7767753e-001
  5.9800000e+000  2.2894574e-001
  6.0000000e+000  2.5460223e-001
  6.0200000e+000  2.5180112e-001
  6.0400000e+000  2.2102451e-001
  6.0600000e+000  1.6604133e-001
  6.0800000e+000  9.3463872e-002
  6.1000000e+000  1.1953301e-002
  6.1200000e+000 -6.8829983e-002
  6.1400000e+000 -1.3940227e-001
  6.1600000e+000 -1.9161274e-001
  6.1800000e+000 -2.1963540e-001
  6.2000000e+000 -2.2067185e-001
  6.2200000e+000 -1.9527574e-001
  6.2400000e+000 -1.4725710e-001
  6.2600000e+000 -8.3177829e-002
  6.2800000e+000 -1.1501418e-002
  6.3000000e+000  5.8495510e-002
  6.3200000e+000  1.1791172e-001
  6.3400000e+000  1.5935823e-001
  6.3600000e+000  1.7789794e-001
  6.3800000e+000  1.7166698e-001
  6.4000000e+000  1.4209716e-001
  6.4200000e+000  9.3709853e-002
  6.4400000e+000  3.3506616e-002
  6.4600000e+000 -2.9965725e-002
  6.4800000e+000 -8.7755398e-002
  6.5000000e+000 -1.3170376e-001
  6.5200000e+000 -1.5554494e-001
  6.5400000e+000 -1.5576238e-001
  6.5600000e+000 -1.3208781e-001
  6.5800000e+000 -8.7573807e-002
  6.6000000e+000 -2.8225500e-002
  6.6200000e+000  3.7765614e-002
  6.6400000e+000  1.0109056e-001
  6.6600000e+000  1.5255879e-001
  6.6800000e+000  1.8434181e-001
  6.7000000e+000  1.9106189e-001
  6.7200000e+000  1.7058075e-001
  6.7400000e+000  1.2437980e-001
  6.7600000e+000  5.7474155e-002
  6.7800000e+000 -2.2138036e-002
  6.8000000e+000 -1.0442969e-001
  6.8200000e+000 -1.7858822e-001
  6.8400000e+000 -2.3439508e-001
  6.8600000e+000 -2.6356767e-001
  6.8800000e+000 -2.6089184e-001
  6.9000000e+000 -2.2499583e-001
  6.9200000e+000 -1.5865938e-001
  6.9400000e+000 -6.8608244e-002
  6.9600000e+000  3.5192327e-002
  6.9800000e+000  1.4066811e-001
  7.0000000e+000  2.3505939e-001
  7.0200000e+000  3.0646746e-001
  7.0400000e+000  3.4533569e-001
  7.0600000e+000  3.4568176e-001
  7.0800000e+000  3.0592504e-001
  7.1000000e+000  2.2920004e-001
  7.1200000e+000  1.2310831e-001
  7.1400000e+000 -1.0714297e-003
  7.1600000e+000 -1.2962898e-001
  7.1800000e+000 -2.4798176e-001
  7.2000000e+000 -3.4236556e-001
  7.2200000e+000 -4.0145696e-001
  7.2400000e+000 -4.1773384e-001
  7.2600000e+000 -3.8840958e-001
  7.2800000e+000 -3.1582626e-001
  7.3000000e+000 -2.0725551e-001
  7.3200000e+000 -7.4125919e-002
  7.3400000e+000  6.9236690e-002
  7.3600000e+000  2.0721120e-001
  7.3800000e+000  3.2464048e-001
  7.4000000e+000  4.0854390e-001
  7.4200000e+000  4.4958484e-001
  7.4400000e+000  4.4312361e-001
  7.4600000e+000  3.8973544e-001
  7.4800000e+000  2.9513587e-001
  7.5000000e+000  1.6952529e-001
  7.5200000e+000  2.6431812e-002
  7.5400000e+000 -1.1881072e-001
  7.5600000e+000 -2.5077206e-001
  7.5800000e+000 -3.5562501e-001
  7.6000000e+000 -4.2264159e-001
  7.6200000e+000 -4.4531905e-001
  7.6400000e+000 -4.2201446e-001
  7.6600000e+000 -3.5602537e-001
  7.6800000e+000 -2.5511964e-001
  7.7000000e+000 -1.3058052e-001
  7.7200000e+000  4.1122451e-003
  7.7400000e+000  1.3480592e-001
  7.7600000e+000  2.4822447e-001
  7.7800000e+000  3.3336831e-001
  7.8000000e+000  3.8261096e-001
  7.8200000e+000  3.9238017e-001
  7.8400000e+000  3.6336288e-001
  7.8600000e+000  3.0023134e-001
  7.8800000e+000  2.1094327e-001
  7.9000000e+000  1.0571633e-001
  7.9200000e+000 -4.1896848e-003
  7.9400000e+000 -1.0773343e-001
  7.9600000e+000 -1.9524871e-001
  7.9800000e+000 -2.5937112e-001
  8.0000000e+000 -2.9564306e-001
  8.0200000e+000 -3.0274938e-001
  8.0400000e+000 -2.8238390e-001
  8.0600000e+000 -2.3879110e-001
  8.0800000e+000 -1.7806442e-001
  8.1000000e+000 -1.0730615e-001
  8.1200000e+000 -3.3763325e-002
  8.1400000e+000  3.5952688e-002
  8.1600000e+000  9.6474710e-002
  8.1800000e+000  1.4405886e-001
  8.2000000e+000  1.7671243e-001
  8.2200000e+000  1.9408524e-001
  8.2400000e+000  1.9717078e-001
  8.2600000e+000  1.8788651e-001
  8.2800000e+000  1.6861367e-001
  8.3000000e+000  1.4177574e-001
  8.3200000e+000  1.0952072e-001
  8.3400000e+000  7.3549707e-002
  8.3600000e+000  3.5105481e-002
  8.3800000e+000 -4.8951605e-003
  8.4000000e+000 -4.5627518e-002
  8.4200000e+000 -2.2438298e-001
  8.4400000e+000 -3.0515929e-001
  8.4600000e+000 -3.5908905e-001
  8.4800000e+000 -3.8114108e-001
  8.5000000e+000 -3.6912869e-001
  8.5200000e+000 -3.2392522e-001
  8.5400000e+000 -2.4940324e-001
  8.5600000e+000 -1.5210153e-001
  8.5800000e+000 -4.0648465e-002
  8.6000000e+000  7.5007058e-002
  8.6200000e+000  1.8448816e-001
  8.6400000e+000  2.7792562e-001
  8.6600000e+000  3.4685173e-001
  8.6800000e+000  3.8497121e-001
  8.7000000e+000  3.8873848e-001
  8.7200000e+000  3.5768836e-001
  8.7400000e+000  2.9448914e-001
  8.7600000e+000  2.0471237e-001
  8.7800000e+000  9.6339222e-002
  8.8000000e+000 -2.0952531e-002
  8.8200000e+000 -1.3665694e-001
  8.8400000e+000 -2.4038540e-001
  8.8600000e+000 -3.2280373e-001
  8.8800000e+000 -3.7647596e-001
  8.9000000e+000 -3.9653823e-001
  8.9200000e+000 -3.8114131e-001
  8.9400000e+000 -3.3162165e-001
  8.9600000e+000 -2.5238467e-001
  8.9800000e+000 -1.5051100e-001
  9.0000000e+000 -3.5120728e-002
  9.0200000e+000  8.3446899e-002
  9.0400000e+000  1.9456411e-001
  9.0600000e+000  2.8827156e-001
  9.0800000e+000  3.5617494e-001
  9.1000000e+000  3.9220031e-001
  9.1200000e+000  3.9313970e-001
  9.1400000e+000  3.5893800e-001
  9.1600000e+000  2.9269523e-001
  9.1800000e+000  2.0038423e-001
  9.2000000e+000  9.0309786e-002
  9.2200000e+000 -2.7641884e-002
  9.2400000e+000 -1.4289491e-001
  9.2600000e+000 -2.4513616e-001
  9.2800000e+000 -3.2524211e-001
  9.3000000e+000 -3.7609647e-001
  9.3200000e+000 -3.9322500e-001
  9.3400000e+000 -3.7519076e-001
  9.3600000e+000 -3.2371459e-001
  9.3800000e+000 -2.4351083e-001
  9.4000000e+000 -1.4185396e-001
  9.4200000e+000 -2.7916138e-002
  9.4400000e+000  8.8063775e-002
  9.4600000e+000  1.9570418e-001
  9.4800000e+000  2.8541386e-001
  9.5000000e+000  3.4925018e-001
  9.5200000e+000  3.8162509e-001
  9.5400000e+000  3.7979615e-001
  9.5600000e+000  3.4409903e-001
  9.5800000e+000  2.7790198e-001
  9.6000000e+000  1.8728759e-001
  9.6200000e+000  8.0492063e-002
  9.6400000e+000 -3.2846192e-002
  9.6600000e+000 -1.4255985e-001
  9.6800000e+000 -2.3886840e-001
  9.7000000e+000 -3.1325348e-001
  9.7200000e+000 -3.5921528e-001
  9.7400000e+000 -3.7284240e-001
  9.7600000e+000 -3.5314531e-001
  9.7800000e+000 -3.0212459e-001
  9.8000000e+000 -2.2456998e-001
  9.8200000e+000 -1.2761006e-001
  9.8400000e+000 -2.0055007e-002
  9.8600000e+000  8.8406748e-002
  9.8800000e+000  1.8808452e-001
  9.9000000e+000  2.7015451e-001
  9.9200000e+000  3.2744380e-001
  9.9400000e+000  3.5505935e-001
  9.9600000e+000  3.5080668e-001
  9.9800000e+000  3.1536216e-001
  1.0000000e+001  2.5218590e-001
  1.0020000e+001  1.6718520e-001
  1.0040000e+001  6.8161272e-002
  1.0060000e+001 -3.5908793e-002
  1.0080000e+001 -1.3568862e-001
  1.0100000e+001 -2.2232317e-001
  1.0120000e+001 -2.8822736e-001
  1.0140000e+001 -3.2775234e-001
  1.0160000e+001 -3.3767055e-001
  1.0180000e+001 -3.1743792e-001
  1.0200000e+001 -2.6921207e-001
  1.0220000e+001 -1.9762756e-001
  1.0240000e+001 -1.0935122e-001
  1.0260000e+001 -1.2460195e-002
  1.0280000e+001  8.4299218e-002
  1.0300000e+001  1.7230367e-001
  1.0320000e+001  2.4382392e-001
  1.0340000e+001  2.9270579e-001
  1.0360000e+001  3.1490077e-001
  1.0380000e+001  3.0880043e-001
  1.0400000e+001  2.7534711e-001
  1.0420000e+001  2.1791389e-001
  1.0440000e+001  1.4196791e-001
  1.0460000e+001  5.4550259e-002
  1.0480000e+001 -3.6377990e-002
  1.0500000e+001 -1.2266283e-001
  1.0520000e+001 -1.9669085e-001
  1.0540000e+001 -2.5206303e-001
  1.0560000e+001 -2.8414906e-001
  1.0580000e+001 -2.9047393e-001
  1.0600000e+001 -2.7090478e-001
  1.0620000e+001 -2.2762408e-001
  1.0640000e+001 -1.6489528e-001
  1.0660000e+001 -8.8645269e-002
  1.0680000e+001 -5.9044047e-003
  1.0700000e+001  7.5842933e-002
  1.0720000e+001  1.4933722e-001
  1.0740000e+001  2.0819035e-001
  1.0760000e+001  2.4744202e-001
  1.0780000e+001  2.6397763e-001
  1.0800000e+001  2.5677214e-001
  1.0820000e+001  2.2694157e-001
  1.0840000e+001  1.7760068e-001
  1.0860000e+001  1.1354376e-001
  1.0880000e+001  4.0780603e-002
  1.0900000e+001 -3.4027517e-002
  1.0920000e+001 -1.0417892e-001
  1.0940000e+001 -1.6353345e-001
  1.0960000e+001 -2.0705107e-001
  1.0980000e+001 -2.3121981e-001
  1.1000000e+001 -2.1663750e-001
  1.1020000e+001 -2.2454785e-002
  1.1040000e+001  1.6782845e-001
  1.1060000e+001  3.6428076e-001
  1.1080000e+001  5.5824267e-001
  1.1100000e+001  7.4059597e-001
  1.1120000e+001  9.0238452e-001
  1.1140000e+001  1.0354339e+000
  1.1160000e+001  1.1329181e+000
  1.1180000e+001  1.1898276e+000
  1.1200000e+001  1.2033009e+000
  1.1220000e+001  1.1727955e+000
  1.1240000e+001  1.1000875e+000
  1.1260000e+001  9.8910348e-001
  1.1280000e+001  8.4560354e-001
  1.1300000e+001  6.7674595e-001
  1.1320000e+001  4.9057209e-001
  1.1340000e+001  2.9545695e-001
  1.1360000e+001  9.9570777e-002
  1.1380000e+001 -8.9605126e-002
  1.1400000e+001 -7.8321402e-002
  1.1420000e+001  7.8600577e-002
  1.1440000e+001  2.4437363e-001
  1.1460000e+001  4.1329887e-001
  1.1480000e+001  5.7879845e-001
  1.1500000e+001  7.3381585e-001
  1.1520000e+001  8.7127259e-001
  1.1540000e+001  9.8454300e-001
  1.1560000e+001  1.0679071e+000
  1.1580000e+001  1.1169441e+000
  1.1600000e+001  1.1288353e+000
  1.1620000e+001  1.1025521e+000
  1.1640000e+001  1.0389171e+000
  1.1660000e+001  9.4053540e-001
  1.1680000e+001  8.1160601e-001
  1.1700000e+001  6.5763149e-001
  1.1720000e+001  4.8505308e-001
  1.1740000e+001  3.0084285e-001
  1.1760000e+001  1.1208679e-001
  1.1780000e+001 -7.4408192e-002
  1.1800000e+001  5.0811890e-002
  1.1820000e+001  1.9759588e-001
  1.1840000e+001  3.4668205e-001
  1.1860000e+001  4.9362952e-001
  1.1880000e+001  6.3346405e-001
  1.1900000e+001  7.6094785e-001
  1.1920000e+001  8.7089185e-001
  1.1940000e+001  9.5848365e-001
  1.1960000e+001  1.0196034e+000
  1.1980000e+001  1.0511008e+000
  1.2000000e+001  1.0510114e+000
  1.2020000e+001  1.0186933e+000
  1.2040000e+001  9.5487662e-001
  1.2060000e+001  8.6162258e-001
  1.2080000e+001  7.4219809e-001
  1.2100000e+001  6.0087898e-001
  1.2120000e+001  4.4269995e-001
  1.2140000e+001  2.7317300e-001
  1.2160000e+001  9.7997527e-002
  1.2180000e+001  2.3996652e-002
  1.2200000e+001  1.7096107e-001
  1.2220000e+001  3.1724007e-001
  1.2240000e+001  4.5910182e-001
  1.2260000e+001  5.9254767e-001
  1.2280000e+001  7.1348032e-001
  1.2300000e+001  8.1790390e-001
  1.2320000e+001  9.0213938e-001
  1.2340000e+001  9.6303673e-001
  1.2360000e+001  9.9816536e-001
  1.2380000e+001  1.0059664e+000
  1.2400000e+001  9.8585356e-001
  1.2420000e+001  9.3825507e-001
  1.2440000e+001  8.6459301e-001
  1.2460000e+001  7.6720390e-001
  1.2480000e+001  6.4920830e-001
  1.2500000e+001  5.1434178e-001
  1.2520000e+001  3.6676274e-001
  1.2540000e+001  2.1085329e-001
  1.2560000e+001  5.1029409e-002
  1.2580000e+001  1.0921239e-001
  1.2600000e+001  2.6810646e-001
  1.2620000e+001  4.2146169e-001
  1.2640000e+001  5.6484714e-001
  1.2660000e+001  6.9394519e-001
  1.2680000e+001  8.0474738e-001
  1.2700000e+001  8.9375107e-001
  1.2720000e+001  9.5814048e-001
  1.2740000e+001  9.9593664e-001
  1.2760000e+001  1.0061027e+000
  1.2780000e+001  9.8859478e-001
  1.2800000e+001  9.4435370e-001
  1.2820000e+001  8.7523709e-001
  1.2840000e+001  7.8389839e-001
  1.2860000e+001  6.7362285e-001
  1.2880000e+001  5.4813491e-001
  1.2900000e+001  4.1139395e-001
  1.2920000e+001  2.6739585e-001
  1.2940000e+001  1.1999687e-001
  1.2960000e+001 -1.2341797e-002
  1.2980000e+001  1.6225009e-001
  1.3000000e+001  3.3448838e-001
  1.3020000e+001  4.9882508e-001
  1.3040000e+001  6.4976427e-001
  1.3060000e+001  7.8213129e-001
  1.3080000e+001  8.9134259e-001
  1.3100000e+001  5.2199609e-001
  1.3120000e+001  6.6251538e-002
  1.3140000e+001  5.5604285e-002
  1.3160000e+001  3.9000080e-002
  1.3180000e+001  1.7668871e-002
  1.3200000e+001 -6.6228245e-003
  1.3220000e+001 -3.1719004e-002
  1.3240000e+001 -5.5267404e-002
  1.3260000e+001 -7.4941374e-002
  1.3280000e+001 -8.8669362e-002
  1.3300000e+001 -9.4849416e-002
  1.3320000e+001 -9.2526778e-002
  1.3340000e+001 -8.1515531e-002
  1.3360000e+001 -6.2450141e-002
  1.3380000e+001 -3.6759170e-002
  1.3400000e+001 -6.5608740e-003
  1.3420000e+001  2.5511968e-002
  1.3440000e+001  5.6543438e-002
  1.3460000e+001  8.3601578e-002
  1.3480000e+001  1.0401655e-001
  1.3500000e+001  1.1564341e-001
  1.3520000e+001  1.1708363e-001
  1.3540000e+001  1.0784290e-001
  1.3560000e+001  8.8407951e-002
  1.3580000e+001  6.0232791e-002
  1.3600000e+001  2.5632806e-002
  1.3620000e+001 -1.2405756e-002
  1.3640000e+001 -5.0485238e-002
  1.3660000e+001 -8.5102264e-002
  1.3680000e+001 -1.1297196e-001
  1.3700000e+001 -1.3134054e-001
  1.3720000e+001 -1.3825647e-001
  1.3740000e+001 -1.3277349e-001
  1.3760000e+001 -1.1506490e-001
  1.3780000e+001 -8.6435995e-002
  1.3800000e+001 -4.9231176e-002
  1.3820000e+001 -6.6419913e-003
  1.3840000e+001  3.7568178e-002
  1.3860000e+001  7.9398900e-002
  1.3880000e+001  1.1497695e-001
  1.3900000e+001  1.4091665e-001
  1.3920000e+001  1.5464273e-001
  1.3940000e+001  1.5464467e-001
  1.3960000e+001  1.4063776e-001
  1.3980000e+001  1.1361392e-001
  1.4000000e+001  7.5775498e-002
