DOW JONES
                  O         H         L          C
     4-Mar-94      3830.9   3868.04    3800.5     3832.3
     7-Mar-94     3851.72    3882.4   3824.71    3856.22
     8-Mar-94     3858.48   3881.55   3822.45    3851.72
     9-Mar-94     3853.97   3874.52   3817.95    3853.41
    10-Mar-94     3852.57   3865.51   3801.63    3830.62
    11-Mar-94     3832.58   3872.83   3806.69     3862.7
    14-Mar-94     3870.29   3894.21   3835.96    3862.98
    15-Mar-94     3863.41   3888.46   3826.85    3849.59
    16-Mar-94     3851.03   3879.53   3819.94    3848.15
    17-Mar-94     3853.62   3891.34   3821.66    3865.14
    18-Mar-94     3865.42   3911.78   3838.65    3895.65
    21-Mar-94     3878.38   3898.25   3838.65    3864.85
    22-Mar-94     3865.71   3896.23   3840.66    3862.55
    23-Mar-94     3868.88   3901.41    3839.8    3869.46
    24-Mar-94     3849.88   3865.42   3792.58    3821.09
    25-Mar-94     3827.13   3826.85   3774.73    3774.73
    28-Mar-94     3776.46   3793.45   3719.74    3762.35
    29-Mar-94     3757.17   3771.86   3689.23    3699.02
    30-Mar-94     3688.36   3718.88   3612.36    3626.75
    31-Mar-94     3639.71    3673.1   3544.12    3635.96
     4-Apr-94     3552.18   3633.08    3520.8    3593.35
     5-Apr-94      3649.5   3698.15   3625.02    3675.41
     6-Apr-94     3683.18   3722.24   3643.16    3679.73
     7-Apr-94      3685.2   3712.83   3642.59    3693.26
     8-Apr-94     3683.47   3717.15   3644.03    3674.26
    11-Apr-94     3681.69   3720.66   3651.35    3688.83
    12-Apr-94     3700.73   3722.14   3661.17    3681.69
    13-Apr-94      3680.5    3704.3   3616.85    3661.47
    14-Apr-94     3650.46   3693.59   3625.77    3663.25
    15-Apr-94     3660.57   3699.24   3631.13    3661.47
    18-Apr-94     3661.17   3679.61   3593.35    3620.42
    19-Apr-94     3620.12   3670.39   3567.18    3619.82
    20-Apr-94     3637.08   3662.66   3546.65    3598.71
    21-Apr-94      3622.5   3673.96   3582.94    3652.54
    22-Apr-94     3662.95   3690.32   3621.01    3648.68
    25-Apr-94     3656.41   3721.25   3635.29    3705.78
    26-Apr-94     3710.84   3733.15   3669.79    3699.54
    28-Apr-94     3707.27   3723.93   3640.35    3668.31
    29-Apr-94     3664.14   3707.87   3642.13    3681.69
     2-May-94     3683.77   3734.04   3648.97    3701.02
     3-May-94     3709.65   3736.12   3669.79    3714.41
     4-May-94        3715   3730.17   3670.09    3697.75
     5-May-94     3707.27   3731.07   3675.45    3695.97
     6-May-94     3663.84   3702.51   3625.77     3669.5
     9-May-94     3648.97   3676.93   3612.39    3629.04
    10-May-94     3658.49   3684.67   3627.56    3656.41
    11-May-94     3660.57   3678.42   3609.71    3629.04
    12-May-94     3651.06   3682.58   3624.58    3652.84
    13-May-94     3659.98   3690.32   3626.37    3659.68
    16-May-94     3653.08   3694.21   3628.52     3671.5
    17-May-94     3669.66   3735.04    3653.7    3720.61
    18-May-94     3727.98   3761.74   3683.16    3732.89
    19-May-94     3729.51   3782.92   3707.72    3758.98
    20-May-94     3752.23   3788.76   3721.84    3766.35
    23-May-94     3743.63   3770.65    3711.4    3742.41
    24-May-94     3743.63    3786.3   3707.11    3745.17
    25-May-94     3736.88   3768.19   3710.79     3755.3
    26-May-94     3754.68   3785.07   3722.76    3753.46
    27-May-94     3739.03   3772.18   3723.68    3757.14
    31-May-94     3746.37   3783.29   3725.45    3758.37
     1-Jun-94     3753.14   3785.14   3717.76    3760.83
     2-Jun-94     3770.68    3791.6   3732.83    3758.99
     3-Jun-94     3749.14   3792.22   3732.52    3772.22
     6-Jun-94     3782.37   3812.83   3749.75    3768.52
     7-Jun-94     3758.06   3788.52   3733.14    3755.91
     8-Jun-94     3765.75   3780.83   3721.45    3749.45
     9-Jun-94     3742.37   3776.83   3721.43    3753.14
    10-Jun-94     3758.99   3798.68    3739.6    3773.45
    13-Jun-94     3764.41   3808.17   3741.26    3783.12
    14-Jun-94     3790.09   3839.88   3769.17    3814.83
    15-Jun-94     3817.05   3838.29   3772.02    3790.41
    16-Jun-94     3785.65   3830.68   3771.39    3811.34
    17-Jun-94     3807.53   3821.48   3764.09    3776.78
    20-Jun-94     3741.58   3771.07   3716.21     3741.9
    21-Jun-94     3733.97    3756.8   3674.68    3707.97
    22-Jun-94     3722.24   3748.87   3694.65    3724.77
    23-Jun-94     3725.09   3752.04   3685.14    3699.09
    24-Jun-94     3690.85    3704.8   3616.65    3636.94
    27-Jun-94     3622.05   3694.89   3603.92     3685.5
    28-Jun-94     3686.48   3705.58   3630.47    3669.64
    29-Jun-94     3673.53   3711.73   3645.68    3667.05
    30-Jun-94     3668.99   3683.56   3610.72    3624.96
     1-Jul-94     3654.42   3675.79   3611.04    3646.65
     5-Jul-94     3640.18   3680.65   3621.73    3652.48
     6-Jul-94      3647.3   3698.13   3631.11     3674.5
     7-Jul-94      3681.3   3714.32   3656.04    3688.42
     8-Jul-94      3674.5   3728.56    3660.9    3709.14
    11-Jul-94     3718.53   3735.36   3671.26    3702.99
    12-Jul-94     3705.25   3725.32    3660.9    3702.66
    13-Jul-94     3714.96   3738.27   3683.89    3704.28
    14-Jul-94      3718.2   3763.53   3697.48    3739.25
    15-Jul-94     3734.71   3769.35   3712.37    3753.81
    18-Jul-94     3751.55   3779.39      3725    3755.43
    19-Jul-94     3753.81   3777.45    3726.3    3748.31
    20-Jul-94     3749.93   3763.85   3706.22    3727.27
    21-Jul-94     3724.35    3763.2   3684.86    3732.45
    22-Jul-94     3742.16   3765.15   3707.19    3735.04
    25-Jul-94     3733.09   3762.56   3713.67    3741.84
    26-Jul-94     3733.09    3764.5   3706.22    3735.68
    27-Jul-94     3735.04   3753.17   3693.27    3720.47
    28-Jul-94     3717.88   3757.05   3701.69    3730.83
    29-Jul-94     3741.51   3782.63    3726.3     3764.5
     1-Aug-94     3767.09    3809.5   3749.28    3798.17
     2-Aug-94     3805.94   3829.25   3776.48    3796.22
     3-Aug-94     3788.78      3815   3762.88    3792.66
     4-Aug-94     3785.54   3807.23   3752.52    3765.79
     5-Aug-94     3745.07   3769.68      3725    3747.02
     8-Aug-94     3758.02   3780.68   3732.77    3753.81
     9-Aug-94     3748.96   3773.89   3728.56    3755.76
    10-Aug-94     3759.97   3793.96   3738.27    3766.76
    11-Aug-94     3766.12   3785.86   3728.56     3750.9
    12-Aug-94     3761.26   3792.66   3738.27    3768.71
    15-Aug-94     3774.21   3798.17   3742.16    3760.29
    16-Aug-94     3767.41   3804.64   3732.45    3784.57
    17-Aug-94     3798.49   3812.09   3754.46    3776.48
    18-Aug-94     3769.68   3793.63   3736.98    3755.43
    19-Aug-94      3764.5   3785.22   3727.59    3755.11
    22-Aug-94     3744.43   3771.94   3722.41    3751.22
    23-Aug-94     3758.02   3804.64   3745.07    3775.83
    24-Aug-94     3787.48   3852.56   3767.41    3846.73
    25-Aug-94     3840.58   3872.63   3810.47    3829.89
    26-Aug-94     3849.97   3903.38   3836.69    3881.05
    29-Aug-94     3892.38   3927.34   3869.39    3898.85
    30-Aug-94     3900.47   3934.14   3875.54     3917.3
    31-Aug-94     3907.92   3954.54   3878.78    3913.42
     1-Sep-94      3899.5   3927.99   3871.66    3901.44
     2-Sep-94     3916.33   3928.64   3871.98    3885.58
     6-Sep-94     3885.24   3918.55   3860.01     3898.7
     7-Sep-94     3899.37    3920.9   3860.68    3886.25
     8-Sep-94     3883.22   3926.96   3872.46    3908.46
     9-Sep-94     3878.51   3902.06    3844.2    3874.81
    12-Sep-94     3874.14   3897.02   3843.86    3860.34
    13-Sep-94     3878.51   3905.76   3854.29    3879.86
    14-Sep-94     3877.17   3918.55   3856.64    3895.33
    15-Sep-94     3898.03   3959.93    3883.9    3953.88
    16-Sep-94     3915.86   3955.22   3894.66    3933.35
    19-Sep-94      3938.4   3972.72    3909.8    3936.72
    20-Sep-94     3920.57   3932.01   3859.67    3869.09
    21-Sep-94     3875.82   3886.92   3806.85     3851.6
    22-Sep-94     3863.37   3882.55   3818.29    3837.13
    23-Sep-94     3840.16   3872.46   3806.51    3831.75
    26-Sep-94     3833.09   3869.43    3804.5    3849.24
    27-Sep-94     3855.97   3891.63   3828.72    3863.04
    28-Sep-94     3867.75   3904.76   3854.29    3878.18
    29-Sep-94     3879.86   3892.64   3834.78    3854.63
    30-Sep-94     3856.98    3891.3   3825.69    3843.19
     3-Oct-94     3850.59   3872.79   3809.21    3846.89
     4-Oct-94     3850.59   3873.47   3788.35    3801.13
     5-Oct-94     3796.42   3811.56    3736.2    3787.34
     6-Oct-94     3788.68   3810.89   3752.01    3775.56
     7-Oct-94     3773.88   3826.03   3754.37    3797.43
    10-Oct-94     3811.22   3843.19   3789.36    3821.32
    11-Oct-94     3831.75   3898.36   3818.96    3876.83
    12-Oct-94     3871.45   3903.07   3844.87    3875.15
    13-Oct-94     3914.51   3944.12   3878.18    3889.95
    14-Oct-94     3896.34   3927.97   3862.03    3910.47
    17-Oct-94     3902.74   3949.84   3883.22    3923.93
    18-Oct-94     3927.97   3945.46   3892.64    3917.54
    19-Oct-94     3908.07   3958.25   3887.93    3936.04
    20-Oct-94      3934.7   3954.89   3873.13    3911.15
    21-Oct-94     3899.04   3921.58   3861.35     3891.3
    24-Oct-94     3892.98   3925.61   3840.16     3855.3
    25-Oct-94     3830.06   3883.56   3803.49    3850.59
    26-Oct-94     3866.74   3891.97   3816.61    3848.23
    27-Oct-94     3858.66   3893.99   3834.44    3875.15
    28-Oct-94     3875.82   3953.54   3863.37    3930.66
    31-Oct-94     3928.64    3956.9   3889.28    3908.12
     1-Nov-94     3892.98    3919.9   3836.79    3863.37
     2-Nov-94      3855.3   3888.94   3820.31    3837.13
     3-Nov-94     3843.52   3872.46   3814.25    3845.88
     4-Nov-94     3855.63   3879.52   3802.81    3807.52
     7-Nov-94     3807.52    3830.4   3781.62    3808.87
     8-Nov-94     3817.95   3857.65   3795.75    3830.74
     9-Nov-94     3867.41   3882.89   3798.44    3831.75
    10-Nov-94     3849.58   3873.47   3806.18    3821.99
    11-Nov-94     3813.92   3830.06   3779.93    3801.47
    14-Nov-94     3808.87   3849.91   3795.07    3829.73
    15-Nov-94     3832.42   3871.45    3794.4    3826.36
    16-Nov-94      3830.4   3864.38   3803.82     3845.2
    17-Nov-94     3848.91   3868.08   3797.77    3828.05
    18-Nov-94     3818.63   3844.87   3773.21    3815.26
    21-Nov-94     3826.03    3845.2   3758.74    3769.51
    22-Nov-94     3755.37   3787.34   3669.58    3677.99
    23-Nov-94      3660.5   3704.91   3612.05    3674.63
    25-Nov-94     3685.06    3722.4   3672.61    3708.27
    28-Nov-94     3708.95   3759.41   3693.13    3739.56
    29-Nov-94     3730.14   3755.04    3703.9    3738.55
    30-Nov-94     3759.08    3783.3   3718.37    3739.23
     1-Dec-94     3733.51   3755.37   3680.68    3700.87
     2-Dec-94     3698.52   3755.04   3680.68    3745.62
     5-Dec-94     3749.66   3779.93   3715.67    3741.92
     6-Dec-94     3730.14    3762.1   3703.56    3745.95
     7-Dec-94     3718.03   3758.07   3700.87    3735.52
     8-Dec-94     3730.48   3757.39   3670.25    3685.73
     9-Dec-94     3676.98   3713.32   3638.97    3691.11
    12-Dec-94     3686.74   3734.52    3667.9    3718.37
    13-Dec-94     3715.67   3749.32   3690.78    3715.34
    14-Dec-94     3712.31    3772.2   3700.53    3746.29
    15-Dec-94     3746.96   3794.07   3729.13    3765.47
    16-Dec-94     3785.65   3817.95   3758.07    3807.19
    19-Dec-94     3794.07   3815.26   3764.46     3790.7
    20-Dec-94     3782.96   3807.19   3752.35    3767.15
    21-Dec-94     3771.52   3836.46   3761.77     3801.8
    22-Dec-94     3807.52   3850.59   3780.61    3814.92
    23-Dec-94     3818.63   3860.01   3808.53    3833.43
    27-Dec-94      3844.2   3882.21   3832.08    3861.69
    28-Dec-94     3856.98   3871.45   3816.94    3839.49
    29-Dec-94     3836.12   3867.41   3812.91    3833.43
    30-Dec-94     3841.17   3874.48   3812.91    3834.44
     3-Jan-95     3831.41   3864.72    3805.5    3838.48
     4-Jan-95     3840.49   3876.83   3815.26    3857.65
     5-Jan-95     3849.91   3876.83   3825.35    3850.92
     6-Jan-95     3845.54    3902.4   3823.67    3867.41
     9-Jan-95     3853.62   3889.28   3834.44    3861.35
    10-Jan-95     3874.81   3912.49   3844.87    3866.74
    11-Jan-95      3881.2   3899.71   3824.68    3862.03
    12-Jan-95     3856.31   3886.59   3831.41       3859
    13-Jan-95     3880.87   3924.27   3852.61    3908.46
    16-Jan-95     3916.87   3955.56   3889.95    3932.34
    17-Jan-95     3924.94   3953.88   3895.33    3930.66
    18-Jan-95     3923.93   3950.85   3889.95    3928.98
    19-Jan-95     3905.76   3929.99   3866.74    3882.21
    20-Jan-95     3872.79    3898.7    3826.7    3869.43
    23-Jan-95     3836.46   3885.58   3815.26    3867.41
    24-Jan-95     3864.05   3898.36   3840.16     3862.7
    25-Jan-95     3852.94   3908.79   3832.08    3871.45
    26-Jan-95      3870.1   3903.41   3839.15    3870.44
    27-Jan-95     3888.94   3914.18   3827.37    3857.99
    30-Jan-95     3850.92    3881.2    3794.4    3832.08
    31-Jan-95     3841.84   3872.12   3809.54    3843.86
     1-Feb-95     3850.25   3886.25   3809.21    3847.56
     2-Feb-95     3847.56   3884.23   3828.38    3870.77
     3-Feb-95     3894.33    3959.6   3876.16    3928.64
     6-Feb-95     3923.93   3964.31   3900.04    3937.73
     7-Feb-95     3939.41   3960.27   3907.45    3937.39
     8-Feb-95     3931.67   3967.67   3909.13    3935.37
     9-Feb-95     3941.09   3967.33   3904.76    3932.68
    10-Feb-95     3936.04   3962.96   3908.46    3939.07
    13-Feb-95     3937.39   3974.74   3920.57    3954.21
    14-Feb-95     3962.29   3984.83   3930.66    3958.25
    15-Feb-95     3961.61   4019.15   3937.73    3986.17
    16-Feb-95     3984.83   4011.07   3948.16    3987.52
    17-Feb-95     3980.45   4001.99   3937.05    3953.54
    21-Feb-95     3960.94   3989.88   3930.66    3963.97
    22-Feb-95     3964.31   4002.32   3944.46    3973.05
    23-Feb-95     4001.31   4034.62   3979.45    4003.33
    24-Feb-95     4004.01   4033.61   3974.06    4011.74
    27-Feb-95     4001.02   4033.19   3966.78    3988.57
    28-Feb-95     3983.04   4021.43   3967.48    4011.05
     1-Mar-95     3992.03   4033.19   3960.56     3994.8
     2-Mar-95      3986.5   4009.67   3947.07    3979.93
     3-Mar-95     3965.75   4004.83   3946.03    3989.61
     6-Mar-95     3970.93   4015.89   3944.31    3997.56
     7-Mar-95     3989.96   4009.67   3935.31    3962.63
     8-Mar-95     3971.97   4002.41   3944.65    3979.23
     9-Mar-95     3978.54    4011.4   3953.99    3983.39
    10-Mar-95     3994.45   4054.97    3978.2    4035.61
    13-Mar-95     4032.49   4060.85   3999.29    4025.23
    14-Mar-95     4041.83   4087.14   4014.86    4048.75
    15-Mar-95     4044.94   4070.19   4008.63    4038.37
    16-Mar-95     4038.03   4095.78   4021.77    4069.15
    17-Mar-95     4076.07   4101.66   4044.94    4073.65
    20-Mar-95     4080.57   4115.15   4051.17    4083.68
    21-Mar-95     4074.69   4122.41   4046.67    4072.61
    22-Mar-95     4071.92   4107.54   4039.07    4082.99
    23-Mar-95     4067.42   4107.89   4046.33    4087.83
    24-Mar-95     4099.59   4155.27   4087.14    4138.67
    27-Mar-95     4146.62    4177.4   4113.08    4157.34
    28-Mar-95     4149.73   4176.02   4120.68    4151.81
    29-Mar-95     4155.61   4213.71   4121.72     4160.8
    30-Mar-95     4178.44   4213.37   4128.29    4172.56
    31-Mar-95      4144.2      4194   4100.28    4157.69
     3-Apr-95     4159.42    4202.3   4129.68    4168.41
     4-Apr-95     4176.02   4220.98   4154.23    4201.61
     5-Apr-95     4196.08   4229.62   4166.33    4200.57
     6-Apr-95     4208.53   4239.31   4179.13    4205.41
     7-Apr-95     4203.69   4226.86   4154.23    4192.62
    10-Apr-95     4181.21   4219.94   4163.91    4198.15
    11-Apr-95     4209.91   4229.97   4168.06    4187.08
    12-Apr-95      4190.2   4221.67   4163.57    4197.81
    13-Apr-95     4206.11   4243.46   4173.94    4208.18
    17-Apr-95      4231.7   4260.06   4174.63    4195.38
    18-Apr-95     4205.76   4221.67   4152.15    4179.13
    19-Apr-95     4187.43   4232.39   4143.51    4207.49
    20-Apr-95     4221.67   4263.86   4186.39    4230.66
    21-Apr-95     4250.72   4296.37   4214.41    4270.09
    24-Apr-95     4265.24   4328.88   4239.65    4303.98
    25-Apr-95      4298.1   4337.18   4267.32    4300.17
    26-Apr-95     4296.72   4324.73   4267.32    4299.83
    27-Apr-95     4295.68    4335.1   4269.05     4314.7
    28-Apr-95     4315.74   4348.94   4270.78    4321.27
     1-May-95     4316.43   4352.74   4278.73    4316.08
     2-May-95     4310.55   4348.25   4288.42    4328.88
     3-May-95     4331.65   4392.51   4312.28    4373.15
     4-May-95     4380.06   4426.41   4329.92    4359.66
     5-May-95     4373.15   4389.75   4310.55     4343.4
     8-May-95     4337.18   4407.04   4316.43    4383.87
     9-May-95     4397.01   4421.22      4360    4390.78
    10-May-95     4395.28   4440.24   4347.55    4404.62
    11-May-95     4399.43   4446.12   4365.19    4411.19
    12-May-95     4395.97   4463.07   4371.07    4430.56
    15-May-95     4423.29   4468.94   4398.74    4437.47
    16-May-95     4436.78    4464.1   4408.08    4435.05
    17-May-95     4431.94   4452.69   4386.63     4422.6
    18-May-95     4403.93   4426.41   4330.95    4340.64
    19-May-95     4314.01   4368.65   4287.38    4341.33
    22-May-95     4348.25   4416.03   4337.87    4395.63
    23-May-95     4401.85   4451.65   4372.46    4436.44
    24-May-95     4444.39    4480.7   4390.78    4438.16
    25-May-95     4427.44   4451.31   4375.91    4412.23
    26-May-95     4407.04   4423.64   4338.91       4369
    30-May-95     4376.95   4412.92   4334.41    4378.68
    31-May-95     4378.33   4467.91    4360.7    4465.14
     1-Jun-95     4457.19   4499.72   4421.56    4472.75
     2-Jun-95      4447.5   4496.27   4406.35    4444.39
     5-Jun-95     4437.82   4510.45   4417.76    4476.55
     6-Jun-95     4475.52   4520.47   4446.46     4485.2
     7-Jun-95     4469.64   4497.65   4432.29    4462.03
     8-Jun-95     4465.14   4492.12   4431.59    4458.57
     9-Jun-95     4447.85   4466.87   4394.59    4423.99
    12-Jun-95     4436.44   4482.09   4415.69    4446.46
    13-Jun-95     4466.18   4504.91   4440.24    4484.51
    14-Jun-95     4477.94   4510.79   4449.23    4491.08
    15-Jun-95     4494.19   4527.74   4466.87    4496.27
    16-Jun-95     4506.99   4533.96   4482.43    4510.79
    19-Jun-95      4513.9   4577.19   4498.69    4553.68
    20-Jun-95     4545.38   4587.22   4497.99    4550.56
    21-Jun-95     4549.87   4583.07   4517.02     4547.1
    22-Jun-95     4557.83    4614.2   4535.35    4589.64
    23-Jun-95     4571.66    4609.7   4549.18    4585.84
    26-Jun-95     4578.23   4600.02   4536.38    4551.25
    27-Jun-95     4549.18   4592.41   4511.48    4542.61
    28-Jun-95     4545.38   4587.22   4512.87    4556.79
    29-Jun-95     4558.86   4592.76   4510.45    4550.56
    30-Jun-95     4563.01   4606.24    4513.9     4556.1
     3-Jul-95     4552.98   4594.83   4536.04    4585.15
     5-Jul-95     4591.03   4652.24   4561.63    4615.23
     6-Jul-95     4624.23   4681.98   4587.91       4664
     7-Jul-95     4656.74   4740.77   4628.38    4702.73
    10-Jul-95     4709.99   4747.69   4670.91    4702.39
    11-Jul-95     4684.75   4724.52   4647.74     4680.6
    12-Jul-95      4680.6      4747   4654.66    4727.29
    13-Jul-95     4722.91   4766.58   4676.06    4727.48
    14-Jul-95     4695.79   4736.99   4664.79    4708.82
    17-Jul-95     4714.45   4767.63   4681.35    4736.29
    18-Jul-95     4712.34   4734.53   4648.24    4686.28
    19-Jul-95     4646.48    4698.6   4530.26    4628.87
    20-Jul-95     4634.86   4684.52   4578.51    4641.55
    21-Jul-95     4640.84   4676.06   4596.82    4641.55
    24-Jul-95     4647.18   4701.42   4620.42    4668.67
    25-Jul-95     4683.81   4743.69   4651.76    4714.45
    26-Jul-95     4722.91   4750.73   4665.15    4707.06
    27-Jul-95     4723.26   4767.99   4691.56    4732.77
    28-Jul-95     4738.75    4762.7   4686.28    4715.51
    31-Jul-95     4716.92   4753.55   4671.13    4708.47
     1-Aug-95     4711.28   4742.98   4648.59    4700.37
     2-Aug-95     4731.71   4772.56   4667.96    4690.15
     3-Aug-95     4661.27   4720.44   4632.04    4701.42
     4-Aug-95      4706.7   4728.54   4660.57    4683.46
     7-Aug-95      4697.2   4727.84   4667.26    4693.32
     8-Aug-95     4696.49   4722.55   4654.23    4693.32
     9-Aug-95     4696.49   4712.34    4649.3    4671.49
    10-Aug-95     4671.49   4698.96   4621.47    4643.66
    11-Aug-95     4647.54   4659.51   4584.85     4618.3
    14-Aug-95     4615.84   4677.12   4601.75    4659.86
    15-Aug-95     4652.47   4672.89    4602.1    4640.84
    16-Aug-95     4634.15    4673.6    4593.3    4639.08
    17-Aug-95     4628.52   4659.16   4587.66    4630.66
    18-Aug-95     4640.49   4665.15   4597.88     4617.6
    21-Aug-95     4628.17   4676.42   4593.65    4614.78
    22-Aug-95      4618.3   4646.13   4580.62    4620.42
    23-Aug-95     4617.95   4636.27   4571.81    4584.85
    24-Aug-95     4592.24    4618.3    4552.8    4580.62
    25-Aug-95     4584.85   4629.93    4569.7     4601.4
    28-Aug-95     4611.61   4632.39   4566.53       4594
    29-Aug-95     4591.19   4625.35   4554.21    4608.44
    30-Aug-95     4615.49   4639.79   4582.38    4604.57
    31-Aug-95     4605.27   4634.51   4582.38    4610.56
     1-Sep-95      4610.2   4672.19   4594.71    4647.54
     5-Sep-95     4660.22    4697.9    4625.7    4670.08
     6-Sep-95     4675.71   4716.21   4648.95    4683.81
     7-Sep-95     4685.22   4710.58   4640.14    4669.72
     8-Sep-95     4683.11   4701.42   4664.44    4700.72
    11-Sep-95     4703.54   4744.04   4672.54    4704.94
    12-Sep-95     4718.68   4762.35   4689.45    4747.21
    13-Sep-95     4741.22   4801.09   4697.55    4765.52
    14-Sep-95     4774.68   4830.32   4731.36     4801.8
    15-Sep-95     4816.94   4839.48   4762.35    4797.57
    18-Sep-95     4777.52   4814.01   4729.47    4780.41
    19-Sep-95      4776.8   4798.11   4734.53    4767.04
    20-Sep-95     4773.91   4828.46   4746.45    4792.69
    21-Sep-95     4788.36   4820.15   4728.75     4767.4
    22-Sep-95     4730.55   4789.44   4706.35    4764.15
    25-Sep-95     4767.77   4804.62   4728.02    4769.93
    26-Sep-95     4777.52   4816.54   4738.86     4765.6
    27-Sep-95     4738.86   4790.16   4692.98    4762.35
    28-Sep-95     4770.29   4810.03   4731.64    4787.64
    29-Sep-95     4787.27   4834.96   4757.65    4789.08
     2-Oct-95     4786.55   4817.98   4732.72    4761.26
     3-Oct-95     4761.62   4791.61   4702.74     4749.7
     4-Oct-95      4738.5   4787.27   4689.01    4740.67
     5-Oct-95     4735.61   4794.86   4705.63    4762.71
     6-Oct-95      4765.6    4805.7   4731.64    4769.21
     9-Oct-95     4758.73   4781.13   4691.54    4726.22
    10-Oct-95     4673.11   4745.73   4638.43     4720.8
    11-Oct-95     4730.19   4773.91   4686.48    4735.25
    12-Oct-95     4742.48   4790.16   4709.24    4764.88
    13-Oct-95     4786.19   4845.08    4749.7    4793.78
    16-Oct-95     4796.67   4823.04   4751.51    4784.38
    17-Oct-95     4795.58   4831.35    4747.9    4795.94
    18-Oct-95     4793.05   4837.49   4747.53    4777.52
    19-Oct-95     4786.91   4830.27   4744.28    4802.45
    20-Oct-95      4799.2   4836.41   4758.37    4794.86
    23-Oct-95     4774.27    4805.7   4724.41    4755.48
    24-Oct-95     4775.71   4819.07   4730.92    4783.66
    25-Oct-95     4796.31   4824.49   4708.88    4753.68
    26-Oct-95     4750.42   4777.88   4655.05    4703.82
    27-Oct-95     4696.96   4766.68   4653.24    4741.75
    30-Oct-95      4754.4   4798.84   4716.46    4756.57
    31-Oct-95     4766.32   4821.96   4735.97    4755.48
     1-Nov-95     4749.34   4801.73   4719.72    4766.68
     2-Nov-95      4778.6   4833.16      4745    4808.59
     3-Nov-95     4812.56   4858.81   4774.63    4825.57
     6-Nov-95     4819.07   4862.78   4779.33    4814.01
     7-Nov-95     4816.54    4839.3   4770.66    4797.03
     8-Nov-95     4808.23   4877.59   4775.71    4852.67
     9-Nov-95     4849.86   4902.52   4811.84    4864.23
    10-Nov-95     4842.55   4896.02   4820.51    4870.37
    13-Nov-95     4852.67   4909.75   4821.23     4872.9
    14-Nov-95     4870.37   4923.11   4826.29    4871.81
    15-Nov-95     4860.61   4939.73   4835.69    4922.75
    16-Nov-95     4923.11   5003.68   4902.16    4969.36
    17-Nov-95     4971.89    5022.1   4934.31    4989.95
    20-Nov-95     4988.87   5030.77    4946.6    4983.09
    21-Nov-95     4978.39   5050.28   4948.04    5023.55
    22-Nov-95     5022.83   5096.17   4982.72    5041.61
    24-Nov-95     5050.64   5072.68   5028.61    5048.84
    27-Nov-95     5061.12   5114.23   5034.03    5070.88
    28-Nov-95     5056.43   5105.56   5006.21     5078.1
    29-Nov-95     5082.44   5126.51   5047.03    5105.56
    30-Nov-95     5102.67   5143.13   5053.17    5074.49
     1-Dec-95     5074.13   5133.02   5038.36    5087.13
     4-Dec-95      5082.8   5157.58   5057.87    5139.52
     5-Dec-95     5137.71   5216.83   5108.45    5177.45
     6-Dec-95      5191.9   5234.53   5147.47    5199.13
     7-Dec-95     5186.12   5211.05   5124.35    5159.39
     8-Dec-95     5169.14   5200.21   5115.31    5156.86
    11-Dec-95     5153.97    5225.5   5122.18    5184.32
    12-Dec-95     5177.45   5226.23   5132.29    5174.92
    13-Dec-95     5169.87    5246.1   5144.22    5216.47
    14-Dec-95     5221.89   5266.69   5148.55    5182.15
    15-Dec-95     5195.52   5217.55   5135.54    5176.73
    18-Dec-95      5127.6   5159.39    5042.7    5075.21
    19-Dec-95     5061.48   5146.02   5016.68    5109.89
    20-Dec-95     5120.37   5173.48   5047.39    5059.32
    21-Dec-95     5068.71   5135.91    5031.5    5096.53
    22-Dec-95     5100.14   5146.74   5064.01    5097.97
    26-Dec-95     5115.67   5149.27   5072.32    5110.26
    27-Dec-95     5114.59   5146.74   5077.74    5105.92
    28-Dec-95     5100.14   5132.65   5062.21     5095.8
    29-Dec-95     5105.92   5144.58   5063.65    5117.12
     2-Jan-96        5107   5208.16   5087.13    5177.45
     3-Jan-96     5188.65    5252.6   5143.13    5194.07
     4-Jan-96     5194.07   5259.46   5114.23    5173.84
     5-Jan-96     5154.69   5217.55      5107    5181.43
     8-Jan-96     5187.21    5225.5   5163.36    5197.68
     9-Jan-96     5209.97   5239.23   5100.86    5130.13
    10-Jan-96     5090.75   5141.69   5000.07    5032.94
    11-Jan-96     5067.62   5099.78   5002.96     5065.1
    12-Jan-96     5087.49   5114.23   5000.07    5061.12
    15-Jan-96     5059.68   5099.42   5012.71    5043.78
    16-Jan-96     5068.35   5116.04   5000.79    5088.22
    17-Jan-96     5084.97   5133.38   5028.61     5066.9
    18-Jan-96     5097.25   5166.98   5032.58    5124.35
    19-Jan-96     5110.26   5214.66   5087.49    5184.68
    22-Jan-96     5183.23   5254.77   5133.02    5219.36
    23-Jan-96     5197.32   5241.76   5141.33    5192.27
    24-Jan-96     5219.36   5297.04   5176.73    5242.84
    25-Jan-96     5247.54   5289.45   5173.84    5216.83
    26-Jan-96     5205.63   5293.78   5187.21    5271.75
    29-Jan-96     5281.14   5338.22   5246.82    5304.98
    30-Jan-96     5324.13   5409.75   5288.73    5381.21
    31-Jan-96     5370.37   5433.24   5314.38     5395.3
     1-Feb-96     5387.35   5438.29   5335.69    5405.06
     2-Feb-96     5409.39   5442.99   5338.94    5373.99
     5-Feb-96     5357.73   5433.96   5319.43    5407.59
     6-Feb-96     5405.78   5483.82   5371.82    5459.61
     7-Feb-96     5461.05    5520.3   5423.84    5492.12
     8-Feb-96     5482.01   5559.68   5441.55    5539.45
     9-Feb-96     5532.23   5603.76   5474.06    5541.62
    12-Feb-96     5558.24    5643.5   5531.14    5600.15
    13-Feb-96     5562.57   5627.96   5562.57    5601.23
    14-Feb-96     5587.86   5610.62    5553.9    5579.55
    15-Feb-96     5573.77   5623.27   5514.88    5551.37
    16-Feb-96     5535.48    5563.3   5470.45    5503.32
    20-Feb-96     5440.46   5515.97    5393.5    5458.53
    21-Feb-96     5462.14   5548.12   5440.82    5515.97
    22-Feb-96     5545.23   5638.44   5511.63    5608.46
    23-Feb-96     5639.53   5693.36   5546.32    5630.49
    26-Feb-96     5601.95   5647.84   5530.42     5565.1

