GERMAN DAX
                  O         H         L          C
    23-Dec-93     2210.48   2227.88   2210.48    2222.84
    27-Dec-93     2240.25   2253.98   2240.25    2253.98
    28-Dec-93     2278.25   2284.56   2219.02    2242.82
    29-Dec-93     2233.02   2233.02   2211.11     2214.7
    30-Dec-93     2227.71   2266.68   2227.71    2266.68
     3-Jan-94     2241.73   2268.94   2236.65    2267.98
     4-Jan-94      2262.7    2262.7   2248.51    2253.58
     5-Jan-94     2255.82   2258.62   2229.25    2233.41
     6-Jan-94     2211.33   2223.87   2205.48    2220.22
     7-Jan-94     2207.66   2211.64   2187.32    2211.64
    10-Jan-94      2231.9    2236.9   2224.17    2233.79
    11-Jan-94     2223.73   2233.72    2222.8    2228.75
    12-Jan-94     2222.78   2222.78   2201.61    2209.18
    13-Jan-94     2179.72   2189.95   2151.61    2164.66
    14-Jan-94     2121.73    2149.9   2105.91    2141.82
    17-Jan-94     2140.42   2154.53   2133.17    2137.38
    18-Jan-94        2123      2123   2107.34    2113.84
    19-Jan-94     2130.38   2142.91   2125.07    2134.38
    20-Jan-94     2134.88   2140.38   2110.66     2116.2
    21-Jan-94     2089.95   2089.95   2071.43    2075.61
    24-Jan-94     2049.79   2082.91   2035.76    2080.01
    25-Jan-94     2113.13   2127.92   2113.13    2126.78
    26-Jan-94     2116.36   2120.79   2105.98    2119.17
    27-Jan-94     2129.51   2139.92   2123.32    2125.14
    28-Jan-94     2132.26   2138.68   2130.71    2133.47
    31-Jan-94     2166.44   2177.45    2162.8    2177.45
     1-Feb-94     2183.54    2198.2   2173.91    2179.67
     2-Feb-94     2182.68   2187.33   2178.59    2184.01
     3-Feb-94      2186.8   2187.88   2151.72    2151.72
     4-Feb-94     2132.95   2141.85   2121.84    2138.25
     7-Feb-94     2091.92   2091.92   2073.45     2079.4
     8-Feb-94     2094.19   2120.83   2094.19    2107.21
     9-Feb-94     2088.67   2097.56   2076.32    2085.29
    10-Feb-94     2105.86   2129.11   2105.86    2118.96
    11-Feb-94     2112.66   2114.42   2087.89    2090.61
    14-Feb-94     2108.68   2122.67   2108.68    2116.01
    15-Feb-94     2104.73   2115.62   2097.54    2115.62
    16-Feb-94     2123.68   2139.41   2123.68    2136.61
    17-Feb-94     2141.25    2142.1   2127.85    2128.72
    18-Feb-94     2155.16   2155.91   2147.27    2151.97
    21-Feb-94     2119.91   2123.82   2114.07    2119.53
    22-Feb-94     2114.66   2115.41   2099.56    2107.62
    23-Feb-94      2123.7   2132.94    2123.7    2127.67
    24-Feb-94     2123.97   2123.97   2090.29    2090.29
    25-Feb-94     2075.46   2080.57   2065.53    2074.92
    28-Feb-94     2092.21   2095.48   2082.76    2091.57
     1-Mar-94      2090.5   2091.84   2066.21    2067.05
     2-Mar-94     2038.19   2038.19    1992.7    2020.33
     3-Mar-94     2034.14   2055.85   2034.13     2037.9
     4-Mar-94     2046.45   2061.15   2044.39    2060.09
     7-Mar-94     2099.64   2108.91   2097.61    2108.91
     8-Mar-94     2120.76   2128.13    2116.2    2124.04
     9-Mar-94     2121.73   2129.73   2115.04    2116.09
    10-Mar-94     2133.55   2142.64    2133.3     2141.1
    11-Mar-94     2112.56   2112.56   2092.79    2103.49
    14-Mar-94     2133.31   2150.83   2133.31    2145.17
    15-Mar-94     2165.38   2171.89    2163.9    2165.59
    16-Mar-94     2184.19    2188.1    2172.1    2172.73
    17-Mar-94     2171.44   2175.06   2165.67    2175.06
    18-Mar-94     2164.43   2164.43   2149.92    2155.61
    21-Mar-94     2126.05   2139.69   2125.14    2131.28
    22-Mar-94      2149.3   2155.31   2140.76    2141.34
    23-Mar-94     2161.81   2168.19    2158.6    2161.13
    24-Mar-94      2152.1   2171.43   2152.08    2161.68
    25-Mar-94     2146.71   2150.48   2130.06    2130.06
    28-Mar-94     2142.29    2165.7   2142.29    2161.42
    29-Mar-94     2173.98   2175.11   2165.18    2168.35
    30-Mar-94     2145.69   2147.53   2138.22    2147.53
    31-Mar-94     2138.44   2138.44   2124.35    2133.11
     5-Apr-94     2134.11   2160.18   2134.11    2158.29
     6-Apr-94     2189.68   2194.82   2182.12     2191.2
     7-Apr-94     2189.77   2205.19   2189.77    2201.41
     8-Apr-94     2209.87   2219.37   2203.34    2203.34
    11-Apr-94     2220.37   2233.99   2220.37    2225.33
    12-Apr-94        2220    2222.8    2210.6     2210.6
    13-Apr-94     2205.92   2210.27   2196.32    2209.19
    14-Apr-94     2209.92   2209.92    2197.2    2198.71
    15-Apr-94     2204.35   2207.69   2196.89    2200.42
    18-Apr-94     2223.72   2239.17   2223.72    2228.78
    19-Apr-94     2220.67   2221.89   2172.31    2172.42
    20-Apr-94     2189.48   2197.18   2182.64    2182.64
    21-Apr-94     2199.96   2201.73   2180.02    2196.97
    22-Apr-94     2208.12   2218.86   2207.85    2213.92
    25-Apr-94     2209.09   2215.56   2202.09    2202.22
    26-Apr-94     2226.93   2245.95   2226.93     2243.2
    27-Apr-94     2251.59   2259.24   2246.11    2253.57
    28-Apr-94     2261.18   2263.72   2247.02    2251.22
    29-Apr-94     2243.26    2248.3   2235.91    2245.98
     2-May-94     2261.02   2272.58   2260.75    2268.65
     3-May-94     2259.03   2259.03   2244.15    2252.29
     4-May-94     2249.89   2259.24   2247.76    2249.02
     5-May-94     2233.38   2238.18   2226.65    2235.84
     6-May-94     2237.27   2246.41   2236.95    2237.02
     9-May-94     2222.83   2222.83   2206.85    2218.88
    10-May-94     2229.65   2235.35   2226.28    2235.15
    11-May-94     2246.96   2250.13    2237.9    2243.63
    13-May-94      2257.4   2258.89   2253.61    2258.75
    16-May-94     2274.66    2282.6   2270.09    2271.11
    17-May-94     2269.11   2269.11    2257.9    2259.71
    18-May-94     2276.85      2279   2266.98    2267.41
    19-May-94     2258.59   2258.59   2244.65    2247.76
    20-May-94     2243.13   2251.81   2242.59    2249.65
    24-May-94     2215.85   2215.85   2198.72    2198.72
    25-May-94     2195.58   2195.61   2154.35    2158.77
    26-May-94     2144.05   2154.01   2124.58    2130.25
    27-May-94      2152.4   2158.26   2140.89    2140.99
    30-May-94     2132.31   2133.28   2110.03    2118.15
    31-May-94     2114.88    2129.2   2107.94     2127.7
     1-Jun-94     2131.93   2134.87    2119.7     2129.7
     3-Jun-94     2123.21   2148.71   2123.21    2148.39
     6-Jun-94     2163.54   2167.47   2160.46    2163.07
     7-Jun-94      2157.4    2157.4    2135.1     2135.1
     8-Jun-94     2132.18   2149.32   2129.63     2145.2
     9-Jun-94     2138.63   2145.13   2129.23    2129.32
    10-Jun-94      2133.6   2143.04   2132.75    2133.08
    13-Jun-94     2134.54   2135.26   2105.74    2105.78
    14-Jun-94      2078.5    2078.5   2064.79     2074.7
    15-Jun-94      2074.4    2085.6   2070.65     2074.7
    16-Jun-94     2057.08   2061.31   2049.08    2054.91
    17-Jun-94     2058.09   2063.78   2047.95    2050.72
    20-Jun-94     2021.22   2021.22   1959.76    1968.82
    21-Jun-94     1990.66   1996.25   1977.34    1983.27
    22-Jun-94     1993.24   2003.54   1983.45    1994.42
    23-Jun-94     2029.23   2038.54    2021.8     2022.1
    24-Jun-94     1999.49   2008.72   1995.98    2005.31
    27-Jun-94     1986.64   1992.71   1966.81     1988.6
    28-Jun-94     2018.22   2021.39   2009.65    2018.26
    29-Jun-94     2034.94    2046.3   2031.26     2046.3
    30-Jun-94     2048.98   2051.32   2022.55    2025.34
     1-Jul-94     2030.31   2040.78   2027.37    2036.52
     4-Jul-94     2048.43   2056.51   2040.47     2054.4
     5-Jul-94     2044.88   2044.88   2028.37    2032.69
     6-Jul-94     2039.56   2047.45   2035.28     2035.7
     7-Jul-94     2039.82   2050.76   2039.82    2043.85
     8-Jul-94      2045.4   2051.01   2044.12    2050.85
    11-Jul-94     2060.37   2072.99   2059.55    2065.66
    12-Jul-94     2060.68   2060.68   2044.81    2048.05
    13-Jul-94     2054.13   2064.11   2053.62       2054
    14-Jul-94     2056.76   2058.02   2053.32    2055.62
    15-Jul-94     2073.27   2096.72   2073.27    2093.61
    18-Jul-94     2089.41   2099.89   2085.41    2098.19
    19-Jul-94     2118.86   2128.83   2114.46    2128.79
    20-Jul-94     2120.55   2140.14   2114.53    2138.65
    21-Jul-94     2116.38    2117.2   2108.47     2113.3
    22-Jul-94     2122.67   2150.26   2122.67    2150.26
    25-Jul-94     2136.62   2145.39   2132.41    2136.22
    26-Jul-94     2145.56   2158.41   2145.56    2151.96
    27-Jul-94     2148.85   2149.49   2139.46    2140.44
    28-Jul-94     2129.03   2129.87   2120.87    2122.81
    29-Jul-94     2141.04   2148.23   2141.04    2146.64
     1-Aug-94     2150.94   2159.99   2149.36    2153.79
     2-Aug-94      2181.7   2186.46   2179.76    2186.39
     3-Aug-94     2188.57   2200.34   2181.38    2198.92
     4-Aug-94     2191.27   2191.79   2181.84    2183.36
     5-Aug-94     2181.99   2192.37   2181.99    2184.76
     8-Aug-94     2178.47   2185.56   2177.97    2184.67
     9-Aug-94     2182.26   2182.26   2163.55     2164.2
    10-Aug-94     2162.56   2163.87    2153.7    2160.37
    11-Aug-94     2173.27   2177.34   2152.86    2155.28
    12-Aug-94     2140.71   2140.71   2114.81    2124.68
    15-Aug-94     2132.91   2141.75   2126.11    2138.84
    16-Aug-94      2143.6   2145.73   2138.77    2143.14
    17-Aug-94     2159.46    2170.9   2159.46    2162.29
    18-Aug-94     2161.13   2161.37   2151.52    2153.56
    19-Aug-94     2151.08   2151.19   2143.96    2149.57
    22-Aug-94     2143.13   2143.13   2123.75    2123.79
    23-Aug-94     2098.54   2107.91   2086.93    2107.87
    24-Aug-94     2109.01   2128.87   2109.01    2126.37
    25-Aug-94     2145.84    2156.3   2145.84    2152.21
    26-Aug-94     2141.85   2161.78   2140.34    2161.54
    29-Aug-94     2189.35   2203.95   2189.35    2193.19
    30-Aug-94     2205.16   2215.97   2200.09    2210.85
    31-Aug-94     2207.97   2218.64   2207.57    2212.85
     1-Sep-94     2202.95   2205.44   2187.81     2200.8
     2-Sep-94     2198.58   2211.85   2198.58    2204.71
     5-Sep-94     2178.74      2183   2174.52    2174.52
     6-Sep-94     2168.96      2177   2162.18     2165.9
     7-Sep-94     2170.53   2176.96   2158.65    2163.82
     8-Sep-94      2170.5   2173.43   2164.64    2172.37
     9-Sep-94     2177.79   2192.05   2177.79    2185.15
    12-Sep-94     2152.16   2154.66   2140.66    2154.61
    13-Sep-94     2147.94   2148.48   2132.91    2136.09
    14-Sep-94     2140.28   2144.65   2124.12    2124.12
    15-Sep-94     2127.12    2129.5   2113.54    2113.98
    16-Sep-94     2138.65   2138.65   2114.23    2118.73
    19-Sep-94     2095.84   2108.12   2089.71    2096.76
    20-Sep-94     2088.31   2088.31   2076.09    2078.96
    21-Sep-94     2068.98    2081.3   2065.02     2079.5
    22-Sep-94     2077.24   2085.38   2069.52    2073.03
    23-Sep-94      2078.2   2091.31   2076.79    2089.12
    26-Sep-94     2088.38   2092.54   2066.52    2068.67
    27-Sep-94     2063.51   2063.51   2052.74    2058.73
    28-Sep-94     2065.11   2073.85   2062.98    2068.11
    29-Sep-94     2043.76   2047.76   2037.04    2043.58
    30-Sep-94     2024.96   2024.96   2005.61    2011.75
     4-Oct-94     1991.82   1997.26   1987.53    1994.95
     5-Oct-94     1971.24   1971.24   1956.39    1968.72
     6-Oct-94     1967.08   1971.29   1953.23    1961.03
     7-Oct-94      1960.8   1968.04   1956.52    1960.59
    10-Oct-94     2002.39   2030.49   2002.39    2024.79
    11-Oct-94     2055.93   2071.08    2046.8    2071.06
    12-Oct-94     2075.26   2087.21    2070.8    2077.57
    13-Oct-94     2074.08   2085.23   2070.66    2082.63
    14-Oct-94     2098.46   2107.79   2098.15    2105.73
    17-Oct-94     2138.83    2146.6   2090.38    2090.88
    18-Oct-94     2076.85   2085.16   2064.95    2084.76
    19-Oct-94     2078.48   2079.68   2047.27    2051.16
    20-Oct-94     2065.16   2071.69   2056.41    2069.95
    21-Oct-94     2034.66   2034.66   2020.41    2022.22
    24-Oct-94     2025.32   2034.59   2022.63    2025.38
    25-Oct-94     1997.28   1997.28   1974.26    1974.63
    26-Oct-94     2013.34   2023.29   2011.16     2020.5
    27-Oct-94     2018.76   2023.57      2010     2013.2
    28-Oct-94     2031.57   2045.98   2031.57    2040.32
    31-Oct-94     2071.96   2085.56    2071.6    2071.63
     1-Nov-94        2062   2072.43   2059.32    2069.73
     2-Nov-94     2047.84   2049.47   2042.13    2042.35
     3-Nov-94     2040.42   2052.28   2037.35    2051.48
     4-Nov-94     2063.39   2073.83   2063.39    2067.56
     7-Nov-94     2051.29   2051.29    2041.7    2043.52
     8-Nov-94     2048.65   2056.56   2048.65    2053.44
     9-Nov-94     2077.67   2097.08   2077.67    2096.47
    10-Nov-94     2083.39   2086.02   2074.42     2082.4
    11-Nov-94     2077.74   2080.53   2073.14    2078.35
    14-Nov-94     2086.75    2094.3   2086.75    2089.29
    15-Nov-94     2101.39   2114.37   2098.85    2110.75
    17-Nov-94     2105.37   2106.75   2095.55    2102.69
    18-Nov-94     2099.58   2105.17   2095.82    2100.23
    21-Nov-94     2102.66   2109.52    2101.7    2105.28
    22-Nov-94     2086.23   2086.23   2072.89    2074.77
    23-Nov-94      2044.7   2044.87   2033.03    2033.31
    24-Nov-94     2054.57   2060.25   2046.68    2055.97
    25-Nov-94     2056.54   2057.51   2051.12    2051.62
    28-Nov-94     2068.15   2068.73   2058.43    2058.45
    29-Nov-94     2055.09   2055.09   2044.04    2044.28
    30-Nov-94     2044.93   2049.82   2041.92    2048.26
     1-Dec-94      2051.1   2051.13   2041.72    2046.59
     2-Dec-94     2041.58   2042.24   2035.86    2038.51
     5-Dec-94     2062.06   2074.33   2062.06    2071.12
     6-Dec-94     2059.89   2059.95   2041.55    2046.88
     7-Dec-94     2053.18   2057.71   2048.21     2055.6
     8-Dec-94     2042.32   2044.96   2038.44    2042.21
     9-Dec-94     2029.77   2033.04   2027.14    2028.33
    12-Dec-94     2035.03   2038.54   2024.68    2024.82
    13-Dec-94     2018.93   2018.93   2009.46    2011.25
    14-Dec-94     2020.21    2030.8   2020.21    2024.77
    15-Dec-94     2049.52   2054.91    2048.9    2052.59
    16-Dec-94     2062.41   2073.34   2062.22    2070.06
    19-Dec-94     2081.08   2092.17    2075.7    2075.94
    20-Dec-94     2074.57   2080.51   2072.56    2079.93
    21-Dec-94     2084.81   2087.87   2080.36    2086.66
    22-Dec-94     2092.93   2101.97   2091.87    2100.65
    23-Dec-94     2098.77   2098.77   2091.79    2094.01
    27-Dec-94     2106.61   2108.25   2104.64    2106.15
    28-Dec-94     2108.75   2113.85   2107.55    2109.01
    29-Dec-94     2086.92   2086.96   2077.03    2077.03
    30-Dec-94     2075.84   2106.58   2075.84    2106.58
     2-Jan-95     2084.09   2086.77   2075.89    2079.45
     3-Jan-95     2078.06   2078.06   2070.31    2074.78
     4-Jan-95     2078.22   2080.78    2071.2    2072.26
     5-Jan-95     2072.75   2072.84   2060.66    2062.48
     6-Jan-95     2050.72   2054.39   2045.45    2053.92
     9-Jan-95     2063.11   2069.06   2055.72    2059.18
    10-Jan-95     2047.04    2051.1    2044.5     2051.1
    11-Jan-95     2052.39   2061.95   2052.39    2061.05
    12-Jan-95     2069.44   2074.94   2069.14    2071.27
    13-Jan-95     2063.85   2063.85   2052.01    2055.62
    16-Jan-95     2077.78   2089.64   2077.78    2085.64
    17-Jan-95     2086.77   2089.69    2083.5    2083.87
    18-Jan-95     2080.49    2080.5   2075.37    2078.85
    19-Jan-95      2089.1   2092.22   2087.91    2089.36
    20-Jan-95     2063.36   2064.63   2054.46    2055.58
    23-Jan-95     2033.54   2035.27    2024.2    2026.83
    24-Jan-95     2029.19   2030.23   2018.04    2018.04
    25-Jan-95     2020.12   2035.51   2017.99    2026.84
    26-Jan-95     2031.18   2038.35   2029.55    2030.69
    27-Jan-95     2025.55    2034.7   2024.78     2031.7
    30-Jan-95     2026.49   2036.35   2026.34    2035.03
    31-Jan-95     2027.76   2028.46   2017.91    2021.27
     1-Feb-95     2037.65   2050.08   2037.65    2048.43
     2-Feb-95     2044.75   2051.84    2043.6    2045.25
     3-Feb-95     2055.59   2060.96   2055.09    2057.99
     6-Feb-95     2084.92   2093.06   2084.92    2089.69
     7-Feb-95      2094.6   2097.16   2090.85    2092.49
     8-Feb-95     2083.82    2088.5    2082.4    2087.62
     9-Feb-95     2086.11   2112.71   2086.11    2112.69
    10-Feb-95     2123.66   2131.83   2122.09    2130.15
    13-Feb-95     2122.47   2124.76      2115    2116.95
    14-Feb-95     2129.26   2136.29   2129.26    2133.24
    15-Feb-95     2124.86    2137.9   2123.31    2135.04
    16-Feb-95      2145.7    2145.7   2114.68    2115.72
    17-Feb-95     2108.23   2117.03   2106.65    2117.03
    20-Feb-95     2107.01   2107.01   2098.31    2101.54
    21-Feb-95     2095.56   2101.78   2093.89    2097.04
    22-Feb-95     2091.71   2099.17   2089.74    2093.16
    23-Feb-95     2104.21   2121.93   2104.21    2118.24
    24-Feb-95     2119.94   2121.38   2114.77    2118.64
    27-Feb-95     2107.12   2108.27   2099.22    2099.25
    28-Feb-95     2106.14   2112.33   2101.82    2102.18
     1-Mar-95     2114.47   2130.38   2114.47    2126.15
     2-Mar-95     2121.57   2121.57    2116.6    2118.66
     3-Mar-95     2108.96   2112.15   2106.47    2109.49
     6-Mar-95      2092.3    2092.3   2065.79    2070.32
     7-Mar-95     2067.46   2072.66   2053.34    2053.34
     8-Mar-95      2027.5   2033.73   2016.98    2025.21
     9-Mar-95     2039.62    2040.3   1999.45    2001.64
    10-Mar-95     1983.78   1995.81   1975.89    1994.02
    13-Mar-95     2009.79   2017.96   1999.49    1999.49
    14-Mar-95     1996.91   2004.72   1987.11    2000.45
    15-Mar-95     2013.19   2022.66   2010.14    2010.14
    16-Mar-95     2010.92   2013.66   1992.06    1992.06
    17-Mar-95      2007.3   2013.24    2001.7    2005.24
    20-Mar-95     1993.51   1996.92   1985.57    1991.75
    21-Mar-95     2001.47   2007.14   1981.47    1982.95
    22-Mar-95     1985.88   1986.87   1979.17    1984.09
    23-Mar-95     1978.34   1980.13   1936.07    1936.07
    24-Mar-95     1924.55    1927.1   1914.31    1925.42
    27-Mar-95     1941.72    1949.4   1940.28     1946.9
    28-Mar-95     1939.88   1939.99   1905.57    1910.96
    29-Mar-95     1897.78   1920.91   1893.63    1918.88
    30-Mar-95     1924.98      1926   1905.22    1918.46
    31-Mar-95     1941.15   1942.59   1921.43    1922.59
     3-Apr-95     1915.09   1930.82   1914.14    1930.82
     4-Apr-95     1949.62   1966.85   1949.62    1965.01
     5-Apr-95     1960.69   1969.85   1956.05    1969.84
     6-Apr-95     1963.64   1981.27   1963.22    1979.27
     7-Apr-95     1982.24   1987.67    1978.8    1981.88
    10-Apr-95     1987.74   1989.18   1966.61    1972.29
    11-Apr-95     1985.39   1994.01    1985.1    1993.73
    12-Apr-95      1984.7   1990.01   1983.12    1988.47
    13-Apr-95     1985.27   1988.07   1983.17    1986.45
    18-Apr-95     1968.43   1970.73   1965.29    1965.29
    19-Apr-95     1948.54   1954.89   1943.13    1951.04
    20-Apr-95     1948.71   1959.26   1948.58    1955.97
    21-Apr-95     1970.64    1980.5   1970.64    1976.64
    24-Apr-95     1982.73   1987.71   1976.05    1976.21
    25-Apr-95     1992.89   2011.37   1992.89    2006.99
    26-Apr-95     2020.89   2030.72   2016.86    2029.53
    27-Apr-95     2022.38   2026.08    2014.8    2026.08
    28-Apr-95     2025.89   2026.67   2013.76    2015.94
     2-May-95     2029.59    2040.9   2029.59    2035.92
     3-May-95     2032.45   2032.45   2022.14    2028.68
     4-May-95     2051.06    2052.1   2041.05    2044.79
     5-May-95     2033.46   2033.46   2023.27    2023.83
     8-May-95     2020.57      2025   2015.94    2024.84
     9-May-95     2038.66   2041.88   2034.35    2039.59
    10-May-95     2057.37   2064.02   2055.29    2059.06
    11-May-95     2062.07   2079.36   2059.09    2078.08
    12-May-95     2100.62   2101.83   2090.43    2096.92
    15-May-95     2094.25   2097.65   2086.34    2086.74
    16-May-95     2088.68   2110.62   2088.68    2110.52
    17-May-95     2103.23   2107.56   2093.59    2095.32
    18-May-95     2092.46   2095.08   2086.38    2087.13
    19-May-95     2072.28   2077.68   2062.84    2065.13
    22-May-95      2074.4   2083.44   2070.89    2083.17
    23-May-95     2085.19   2087.03   2079.68    2080.35
    24-May-95     2105.07   2110.65   2104.25    2105.12
    26-May-95     2086.03   2086.03   2071.45    2077.87
    29-May-95     2068.97   2071.02   2062.66    2067.41
    30-May-95      2074.3   2093.43    2074.3    2087.65
    31-May-95     2087.62   2092.18   2084.68    2092.17
     1-Jun-95     2118.28    2134.4   2118.28    2126.38
     2-Jun-95     2129.13   2136.26   2129.13    2136.26
     6-Jun-95      2147.9   2154.08   2143.51     2146.4
     7-Jun-95     2142.13   2144.74   2135.98    2141.07
     8-Jun-95     2141.83   2144.14   2129.01    2130.97
     9-Jun-95     2125.73   2125.73   2119.02    2121.75
    12-Jun-95      2106.4   2119.56   2104.46    2119.56
    13-Jun-95     2125.52   2130.86   2113.61    2115.11
    14-Jun-95     2130.21    2135.7   2127.93    2128.02
    16-Jun-95     2128.55   2128.55   2118.18    2119.79
    19-Jun-95     2128.48   2143.25   2128.48    2141.75
    20-Jun-95     2150.96   2155.79   2135.76    2136.68
    21-Jun-95     2144.84   2152.92   2143.69    2143.69
    22-Jun-95     2143.41   2149.86   2134.51    2148.68
    23-Jun-95      2150.7   2152.94    2134.4    2139.78
    26-Jun-95     2141.45   2143.44   2128.06    2130.41
    27-Jun-95     2124.65    2126.7   2119.27     2122.4
    28-Jun-95      2104.6    2104.6   2092.15    2096.44
    29-Jun-95     2100.44   2110.22   2100.03    2106.55
    30-Jun-95     2091.35   2091.35   2081.69    2083.93
     3-Jul-95     2083.35   2092.26   2081.79    2092.26
     4-Jul-95     2106.58   2115.36   2106.58     2114.9
     5-Jul-95     2113.99   2113.99    2104.1    2105.66
     6-Jul-95      2117.1   2122.13   2114.31    2121.22
     7-Jul-95     2141.81   2156.23   2139.39    2153.39
    10-Jul-95     2173.91   2181.13   2172.76    2179.26
    11-Jul-95     2176.75   2202.34   2173.45     2201.9
    12-Jul-95     2194.42    2200.9   2186.75    2199.09
    13-Jul-95     2206.76   2217.42   2206.17    2206.28
    14-Jul-95     2193.17    2196.6    2184.2     2184.9
    17-Jul-95     2199.94   2205.15    2196.3    2199.61
    18-Jul-95     2196.17   2197.66   2191.93    2192.99
    19-Jul-95     2178.88   2183.53      2178    2182.88
    20-Jul-95     2181.19   2184.47   2173.07    2184.33
    21-Jul-95     2193.31   2203.69   2193.31    2201.86
    24-Jul-95      2204.2   2206.61   2196.81    2197.48
    25-Jul-95     2227.55   2234.21   2226.23    2229.06
    26-Jul-95     2236.23   2243.61   2236.23    2240.81
    27-Jul-95     2233.45   2239.32   2230.96    2234.36
    28-Jul-95     2235.58   2241.93   2223.38    2229.99
    31-Jul-95     2218.96   2218.96   2211.98    2218.74
     1-Aug-95     2222.25   2226.08   2220.02    2220.02
     2-Aug-95     2232.16   2241.81   2232.16    2241.52
     3-Aug-95     2245.59   2245.87    2234.7    2240.72
     4-Aug-95     2238.54   2241.39   2235.76    2235.99
     7-Aug-95     2240.93    2249.8   2240.93    2243.41
     8-Aug-95     2246.16   2246.75   2234.87    2237.65
     9-Aug-95     2234.19   2234.19    2218.6    2221.77
    10-Aug-95      2224.7   2225.72   2214.93    2218.72
    11-Aug-95     2228.02   2235.73   2223.86    2232.89
    14-Aug-95     2222.43   2222.43   2208.17    2208.45
    15-Aug-95      2219.9   2231.53    2219.9    2227.61
    16-Aug-95     2247.31   2254.89   2247.31    2252.86
    17-Aug-95     2252.38   2260.35   2252.38     2260.3
    18-Aug-95     2262.85   2264.43   2255.39    2263.46
    21-Aug-95     2263.03   2277.43   2263.03    2269.38
    22-Aug-95     2265.71      2269   2256.93    2258.86
    23-Aug-95     2263.76    2264.2   2258.07    2263.42
    24-Aug-95     2264.34   2264.65   2254.27    2262.86
    25-Aug-95     2258.12   2258.12   2246.28    2249.27
    28-Aug-95     2248.37   2248.37   2241.09    2241.11
    29-Aug-95     2237.35   2237.35   2230.75    2231.63
    30-Aug-95     2241.25   2244.23   2239.79    2240.07
    31-Aug-95     2242.74   2243.92   2238.31    2238.31
     1-Sep-95     2233.41   2237.87   2232.42    2233.09
     4-Sep-95     2239.45   2252.41   2239.45    2250.33
     5-Sep-95      2262.8   2266.97   2260.98    2264.84
     6-Sep-95     2272.81   2281.95   2272.81    2277.13
     7-Sep-95     2266.06      2268    2255.5    2267.98
     8-Sep-95     2276.08   2278.91   2271.41     2273.7
    11-Sep-95     2264.47   2264.47   2256.58    2260.79
    12-Sep-95     2269.27   2274.66   2269.27    2270.83
    13-Sep-95     2275.39   2295.54   2275.26    2295.48
    14-Sep-95     2299.25   2307.98    2298.3    2299.91
    15-Sep-95     2302.33   2320.22   2302.33    2317.01
    18-Sep-95     2306.22   2306.22   2295.41    2301.41
    19-Sep-95     2310.21   2315.34   2309.14    2311.28
    20-Sep-95     2316.59   2317.45   2302.16    2305.08
    21-Sep-95     2285.86   2290.95   2279.35    2287.32
    22-Sep-95     2268.14   2268.14   2209.34    2211.79
    25-Sep-95     2209.04   2210.61   2202.14    2208.41
    26-Sep-95     2216.66   2231.86   2216.66    2227.85
    27-Sep-95     2215.79   2215.79   2181.15    2185.44
    28-Sep-95     2190.21   2190.71   2163.16    2171.92
    29-Sep-95     2177.05   2190.44   2177.05    2187.04
     2-Oct-95     2205.41   2207.71    2200.9    2205.02
     4-Oct-95     2210.18   2219.26   2210.18    2217.76
     5-Oct-95     2212.81   2214.48      2207    2208.82
     6-Oct-95     2175.92   2177.52   2171.38    2171.43
     9-Oct-95     2162.76   2175.98   2158.74    2168.69
    10-Oct-95     2168.88   2168.88   2137.33    2138.77
    11-Oct-95     2139.72   2148.65   2138.43     2145.3
    12-Oct-95     2161.76   2166.15   2157.11    2158.12
    13-Oct-95     2175.97   2197.08   2175.97    2196.83
    16-Oct-95     2199.99      2201   2191.44    2191.44
    17-Oct-95     2202.21   2207.48   2197.17    2201.03
    18-Oct-95     2191.75   2194.81   2176.35    2194.81
    19-Oct-95     2192.82   2192.82   2178.33     2179.6
    20-Oct-95     2181.23    2183.2   2166.88    2170.49
    23-Oct-95     2137.06   2137.06    2107.4    2107.42
    24-Oct-95     2122.01   2129.16   2108.81     2113.6
    25-Oct-95     2128.37   2150.13   2128.37    2150.13
    26-Oct-95     2138.89   2141.88   2130.26    2131.84
    27-Oct-95     2126.74   2132.93   2096.08    2096.08
    30-Oct-95     2136.01   2147.49   2136.01    2146.11
    31-Oct-95     2160.54   2168.57    2155.4    2167.91
     1-Nov-95     2157.91   2166.54    2154.3    2163.22
     2-Nov-95     2177.12   2188.26   2177.12    2183.98
     3-Nov-95     2192.72   2193.75   2180.28    2181.72
     6-Nov-95     2175.49    2175.5   2161.46    2165.79
     7-Nov-95     2163.28   2180.68    2155.3    2174.97
     8-Nov-95     2182.82   2182.82   2168.78     2172.3
     9-Nov-95      2195.3      2198   2191.86    2192.82
    10-Nov-95     2175.82   2176.18   2164.26    2172.17
    13-Nov-95     2171.51   2180.91   2171.51    2175.28
    14-Nov-95     2188.36   2197.35      2186    2197.29
    15-Nov-95     2188.42   2192.17   2183.68    2186.17
    16-Nov-95      2202.3   2207.03   2200.72    2200.72
    17-Nov-95     2200.91   2208.44   2197.51    2201.28
    20-Nov-95     2215.57   2220.45   2213.78     2218.3
    21-Nov-95     2203.86   2207.11   2198.31    2205.06
    22-Nov-95     2210.31   2211.05   2192.04    2193.25
    23-Nov-95        2202   2203.25   2191.36    2192.25
    24-Nov-95     2194.09   2200.29   2194.09    2198.16
    27-Nov-95     2222.23   2238.76   2222.23     2238.1
    28-Nov-95     2249.01   2249.75   2239.31    2241.51
    29-Nov-95     2246.95   2255.99   2242.22    2245.62
    30-Nov-95     2246.69   2246.69   2234.79    2242.83
     1-Dec-95      2259.4   2263.31   2253.16    2260.66
     4-Dec-95     2253.28   2256.79   2249.57    2252.16
     5-Dec-95      2262.9   2265.91   2258.19    2260.99
     6-Dec-95        2261   2268.02    2257.4    2267.18
     7-Dec-95     2276.79   2276.96   2263.11    2263.11
     8-Dec-95     2259.49   2267.63   2257.94     2267.5
    11-Dec-95     2273.48   2279.37   2272.82    2272.82
    12-Dec-95     2281.33   2289.89   2281.33    2289.77
    13-Dec-95     2281.27   2281.27   2274.72     2277.8
    14-Dec-95     2282.83   2289.02   2282.83    2285.85
    15-Dec-95     2279.01   2284.77   2276.11    2284.77
