NASDAQ 100
                   O         H         L          C
    27-Jan-94      407.19    410.11    406.59     409.93
    28-Jan-94      409.93    412.65    409.73     412.52
    31-Jan-94      412.52    415.42    412.26     413.99
     1-Feb-94      413.99    413.99    408.96     410.22
     2-Feb-94      410.22    412.44    408.68     411.78
     3-Feb-94      411.78    411.78    407.19     410.05
     4-Feb-94      410.05    410.08    397.11     397.48
     7-Feb-94      397.48    400.19    392.33     399.62
     8-Feb-94      399.62    402.24    396.91     401.46
     9-Feb-94      401.46    404.61    401.19     403.91
    10-Feb-94      403.91    405.95    400.73     401.31
    11-Feb-94      401.31    402.77    398.01     401.83
    14-Feb-94      401.83    405.56    401.83     405.11
    15-Feb-94      405.11    409.17    404.91     408.28
    16-Feb-94      408.28    411.29    407.33     408.74
    17-Feb-94      408.74    412.43    405.35     407.39
    18-Feb-94      407.39    408.23    403.03     407.94
    22-Feb-94      407.94    410.81    405.03     410.48
    23-Feb-94      410.48    412.37    408.21     408.91
    24-Feb-94      408.91    408.91    400.41     402.79
    25-Feb-94      402.79    406.63    402.06     406.45
    28-Feb-94      406.45    413.22    406.45     412.17
     1-Mar-94      412.17    414.03    406.36     409.69
     2-Mar-94      409.69    409.69     398.3     408.18
     3-Mar-94      408.18    411.19    407.39     408.17
     4-Mar-94      408.17    412.97    408.17     411.99
     7-Mar-94      411.99    416.29    411.99      415.3
     8-Mar-94       415.3     415.3    410.01     411.97
     9-Mar-94      411.97    414.33    409.24     413.08
    10-Mar-94      413.08    414.73    407.32     409.77
    11-Mar-94      409.77    410.59    406.95     409.43
    14-Mar-94      409.43     413.6    409.43     412.93
    15-Mar-94      412.93    415.07    412.31     412.83
    16-Mar-94      412.83    415.68    412.36     415.31
    17-Mar-94      415.31    418.99    415.31     418.45
    18-Mar-94      418.45    418.89    415.32     417.52
    21-Mar-94      417.52    417.61    412.76     412.99
    22-Mar-94      412.99    413.01    409.49     410.67
    23-Mar-94      410.67    413.66    410.49      410.5
    24-Mar-94       410.5     410.5    399.83     403.92
    25-Mar-94      403.92    405.26    399.63     399.86
    28-Mar-94      399.86    401.45    388.45     393.92
    29-Mar-94      393.94    395.41    382.81        383
    30-Mar-94         383    386.08    375.74     380.25
    31-Mar-94      380.25    383.77    372.32     382.96
     4-Apr-94      382.96    382.96    368.71     375.42
     5-Apr-94      375.42    389.68    375.42     389.31
     6-Apr-94      389.31    390.47    384.54     388.76
     7-Apr-94      388.76    391.94    387.34     390.97
     8-Apr-94      390.97    391.32    382.64      384.9
    11-Apr-94       384.9    385.01    381.75     383.85
    12-Apr-94      383.85    383.85    373.62     375.46
    13-Apr-94      375.46    377.46     363.7     367.25
    14-Apr-94      367.25    370.26    361.85     365.65
    15-Apr-94      365.65    368.29     364.4     366.29
    18-Apr-94      366.29    368.44    359.06     360.46
    19-Apr-94      360.46    364.51    352.87     357.36
    20-Apr-94      357.36    362.03    352.12     355.38
    21-Apr-94      355.38    367.46    355.38     367.02
    22-Apr-94      367.02    371.89    367.02     369.08
    25-Apr-94      369.08    375.53    368.67     374.79
    26-Apr-94      374.79    377.37    373.99     375.46
    28-Apr-94      375.46    376.43    372.16     372.45
    29-Apr-94      372.45     374.2    369.35     373.25
     2-May-94      373.25    380.62    371.88     379.82
     3-May-94      379.82    381.31    373.92     377.07
     4-May-94      377.07    378.84    375.12     377.53
     5-May-94      377.53    380.17    377.24     378.23
     6-May-94      378.23    378.23       371     374.57
     9-May-94      374.57    374.57    367.03        368
    10-May-94         368    372.67       368     370.02
    11-May-94      370.02    370.31    364.19     365.18
    12-May-94      365.18    369.27    365.18     366.64
    13-May-94      366.64    366.64    359.29     364.82
    16-May-94      364.82    365.08    359.53     360.49
    17-May-94      360.49    360.96    353.43      360.5
    18-May-94      360.49    370.11    360.49     368.59
    19-May-94      368.59    374.91     368.5     371.71
    20-May-94      371.71    371.71    369.17     370.37
    23-May-94      370.37    372.14    367.94     369.89
    24-May-94      369.89    377.64    369.89        377
    25-May-94         377    379.47    372.96     378.24
    26-May-94      378.24    381.25    374.31      375.8
    27-May-94       375.8    377.71    373.18     376.81
    31-May-94      376.81    379.48    374.49     378.85
     1-Jun-94      378.85     380.1    374.08     379.23
     2-Jun-94      379.23     381.6    378.54     380.66
     3-Jun-94      380.66    385.16    378.88     382.78
     6-Jun-94      382.78    384.74    381.15      382.8
     7-Jun-94       382.8     382.8    378.65     379.99
     8-Jun-94      379.99    381.23    369.06        371
     9-Jun-94         371    372.04    368.37      370.3
    10-Jun-94       370.3    375.78     370.3     374.64
    13-Jun-94      374.64    375.04    371.61     371.88
    14-Jun-94      371.88     377.9    371.88     377.38
    15-Jun-94      377.38     379.8    376.72     377.78
    16-Jun-94      377.78     378.1    375.63      377.8
    17-Jun-94       377.8     377.8    371.51     371.94
    20-Jun-94      371.94    371.94    366.61     367.83
    21-Jun-94      367.83    367.83    358.07     360.98
    22-Jun-94      360.98    366.68    360.98     363.23
    23-Jun-94      363.23    364.57    352.89     353.49
    24-Jun-94      353.49    356.59    350.03     351.76
    27-Jun-94      351.76    361.56    350.24     361.16
    28-Jun-94      361.16    365.94    358.16     362.05
    29-Jun-94      362.05    367.23    361.43     362.73
    30-Jun-94      362.73    365.51    359.19      360.3
     1-Jul-94       360.3    361.73    357.65     360.03
     5-Jul-94      360.03    361.02    356.46     356.91
     6-Jul-94      356.91    356.91    352.74     353.62
     7-Jul-94      353.62    359.34    352.98     359.23
     8-Jul-94      359.23    362.73    356.55     359.31
    11-Jul-94      359.31    361.14    355.21     358.79
    12-Jul-94      358.79    361.67    354.91     361.31
    13-Jul-94      361.31    369.62    361.31     369.14
    14-Jul-94      369.14    373.43    366.71     367.52
    15-Jul-94      367.65    367.84    366.05     367.24
    18-Jul-94      368.35    368.73    365.78     368.18
    19-Jul-94      368.18    368.36    364.48     364.72
    20-Jul-94      364.72    364.72    358.16     359.53
    21-Jul-94      359.53    362.32    357.93     362.21
    22-Jul-94      362.85    365.34    361.19     365.06
    25-Jul-94      365.06    366.11    363.61     366.11
    26-Jul-94      366.11    366.19    363.01     364.01
    27-Jul-94      364.01    364.95    361.59     361.81
    28-Jul-94      361.81    364.18    361.34     362.14
    29-Jul-94      362.14    370.65    362.14     370.16
     1-Aug-94      370.16    373.87     369.9     373.58
     2-Aug-94      373.57    376.64    371.76     372.78
     3-Aug-94      372.78    373.56    370.48     370.48
     4-Aug-94      370.48    372.62    367.17     367.55
     5-Aug-94      367.55    367.71    363.81     367.15
     8-Aug-94      367.14    369.23    365.52     368.89
     9-Aug-94      368.87    370.95    367.78     370.66
    10-Aug-94      370.66    374.99    370.45     373.93
    11-Aug-94      373.93    378.54    371.13     374.49
    12-Aug-94      374.49    377.52    374.31     376.96
    15-Aug-94      376.96    379.13    375.38     377.08
    16-Aug-94      377.08    381.14    375.43     380.53
    17-Aug-94      380.53    387.19    380.53      386.9
    18-Aug-94       386.9    388.49    383.59     385.63
    19-Aug-94      385.63    387.75     382.1     384.12
    22-Aug-94      384.12    384.12     381.6     382.81
    23-Aug-94      382.81    389.23    382.81     386.74
    24-Aug-94      386.74    388.76    386.02     388.44
    25-Aug-94      388.44    393.47    387.74     391.49
    26-Aug-94      391.49     401.3    391.49     399.26
    29-Aug-94      399.26    402.03    398.21     398.44
    30-Aug-94      398.44    402.29    396.21     401.74
    31-Aug-94      401.74    402.87    397.34      397.9
     1-Sep-94       397.9     397.9    390.67     391.61
     2-Sep-94      391.61    394.19    390.38     391.41
     6-Sep-94      391.41     393.8     390.8     393.69
     7-Sep-94      393.69    398.71    393.41     397.05
     8-Sep-94      397.05    401.43    397.05     400.75
     9-Sep-94      400.75    400.75    393.53     394.84
    12-Sep-94      394.84    395.36     390.5     391.67
    13-Sep-94      391.67    397.53    391.67     396.69
    14-Sep-94      396.69    398.22     394.5     397.79
    15-Sep-94      397.79     407.1    397.43      407.1
    16-Sep-94       407.1     407.1    401.79     404.47
    19-Sep-94      404.47    406.79    403.88     403.88
    20-Sep-94      403.96    403.96    396.84     396.85
    21-Sep-94      396.85    397.64    388.95     393.71
    22-Sep-94      393.71    396.26    391.53     393.55
    23-Sep-94      393.55    395.22    389.67      390.2
    26-Sep-94      390.18    390.27    386.11      388.9
    27-Sep-94       388.9    389.92    387.12     389.33
    28-Sep-94      389.33    393.83    389.33     391.97
    29-Sep-94      391.97    392.22    388.43     391.22
    30-Sep-94      391.22    396.48    391.22     393.85
     3-Oct-94      393.85    394.94    391.12     392.72
     4-Oct-94      392.72    393.45    382.53     382.71
     5-Oct-94      382.71    387.38     376.8     386.99
     6-Oct-94      386.99    389.37    382.17     382.85
     7-Oct-94      382.85    387.75    382.85     387.36
    10-Oct-94      387.36    393.52    387.36     392.85
    11-Oct-94      392.85    401.83    392.85     400.29
    12-Oct-94      400.29    401.57    398.72     399.85
    13-Oct-94      399.85    406.85    399.34     399.86
    14-Oct-94      399.86    400.18    396.13      398.8
    17-Oct-94       398.8    400.09    396.27     396.85
    18-Oct-94      396.85    399.27    396.58        398
    19-Oct-94         398    404.34    397.16     403.73
    20-Oct-94      403.73     405.6    399.98     402.99
    21-Oct-94      402.99    402.99    398.49     400.52
    24-Oct-94      400.52    402.34    397.67     398.79
    25-Oct-94      398.79    398.79    394.06     398.48
    26-Oct-94      398.48    403.92    398.48     403.83
    27-Oct-94      403.83    405.81    403.79     405.62
    28-Oct-94      405.62    411.84    404.43     411.84
    31-Oct-94      411.84    416.09    410.53     413.05
     1-Nov-94      413.05    413.05     408.2     410.06
     2-Nov-94      410.06    415.23    408.54     408.91
     3-Nov-94      408.91    410.54     407.2     408.17
     4-Nov-94      408.17    409.77    401.38     401.46
     7-Nov-94      401.46    401.68    398.75     400.19
     8-Nov-94      400.19    407.59    400.19     407.44
     9-Nov-94      407.44     413.4     404.9     408.32
    10-Nov-94      408.32    410.15     405.2     406.12
    11-Nov-94      406.12    407.74    403.58     404.78
    14-Nov-94      404.78    412.32    404.78     412.17
    15-Nov-94      412.17    415.75    410.12     411.78
    16-Nov-94      411.83    413.74    411.13     412.72
    17-Nov-94      412.72    414.56     409.1     410.98
    18-Nov-94      410.98    414.51    410.76     412.43
    21-Nov-94      412.43    417.55    409.02     409.28
    22-Nov-94      409.28    409.28    397.92     397.93
    23-Nov-94      397.93    397.93    390.89     397.17
    25-Nov-94      397.17    401.34    397.13     401.17
    28-Nov-94      401.17    404.92    400.73     403.82
    29-Nov-94      403.82    409.45    403.82      409.1
    30-Nov-94       409.1       412    404.04     404.82
     1-Dec-94      404.82    404.88    397.44     398.58
     2-Dec-94      399.06    402.18     395.7     402.04
     5-Dec-94      402.04    404.84    401.11     402.71
     6-Dec-94      402.71    405.14    399.88     399.98
     7-Dec-94      399.98    400.82    395.49     395.75
     8-Dec-94      395.75    398.25    385.57      386.3
     9-Dec-94       386.3    389.24    379.96     388.63
    12-Dec-94      388.63       391    381.47     388.88
    13-Dec-94      388.88    390.31    387.24     387.53
    14-Dec-94      387.53    393.22    386.51     391.65
    15-Dec-94      391.65    395.95    391.65      393.7
    16-Dec-94       393.7    394.92    391.77     392.01
    19-Dec-94      392.01    392.62    389.77     390.42
    20-Dec-94      390.42    393.96    388.05     390.61
    21-Dec-94      390.61    397.94    390.61      397.8
    22-Dec-94       397.8    400.37     397.8      399.8
    23-Dec-94       399.8    403.09    399.32     401.15
    27-Dec-94      401.15    404.94    401.15     404.03
    28-Dec-94      404.03    404.54    398.79     400.26
    29-Dec-94      400.26    406.53    400.26     406.31
    30-Dec-94      406.31     406.5    402.29     404.27
     3-Jan-95      404.27    404.27    397.56        398
     4-Jan-95         398    400.41    394.59     399.65
     5-Jan-95      399.65    402.04    397.84     398.02
     6-Jan-95      398.02    403.03    398.02     401.59
     9-Jan-95      401.59    403.99    400.91     403.53
    10-Jan-95      403.53    410.56    403.53     407.57
    11-Jan-95      407.57    410.45    402.71      407.1
    12-Jan-95       407.1    408.32    405.85     407.32
    13-Jan-95      407.32    411.16    407.32     410.48
    16-Jan-95      410.48     415.5    409.87     413.65
    17-Jan-95      413.65    418.66    413.65     416.89
    18-Jan-95      416.89    419.98    416.01     419.26
    19-Jan-95      419.26    419.26    416.55     417.83
    20-Jan-95      417.83    417.95    408.73     410.13
    23-Jan-95      410.13    412.07    404.57     411.89
    24-Jan-95      411.89    414.04    410.81      413.6
    25-Jan-95       413.6    414.02    407.73     410.87
    26-Jan-95      410.87    411.73    406.19      406.5
    27-Jan-95       406.5    409.14    405.38     407.22
    30-Jan-95      407.22    408.39    401.32     401.71
    31-Jan-95      401.71    406.06    401.08     405.33
     1-Feb-95      405.33    411.38    405.33     407.06
     2-Feb-95      407.06    411.28    406.34     411.15
     3-Feb-95      411.15    419.01    411.15     416.14
     6-Feb-95      416.14    421.29    416.14     420.93
     7-Feb-95      420.93    422.18    418.49     420.57
     8-Feb-95      420.79     426.2    420.79     425.66
     9-Feb-95      425.66    429.79    425.66     426.43
    10-Feb-95      426.43     431.3    426.43     430.77
    13-Feb-95      430.77    432.37    428.53     428.77
    14-Feb-95      428.77    431.06    428.24     429.81
    15-Feb-95      429.86    433.44       428     432.49
    16-Feb-95      432.49    433.16    428.61     430.86
    17-Feb-95      430.86    430.86    425.33     425.66
    21-Feb-95      425.66    427.03    423.93     424.82
    22-Feb-95      424.82    429.93    423.12     429.21
    23-Feb-95       429.2     435.2     429.2     431.03
    24-Feb-95      431.03    431.03    426.57     428.42
    27-Feb-95      428.42    430.67    424.04     424.75
    28-Feb-95      424.75    432.91    424.71      432.5
     1-Mar-95       432.5    435.22     429.8      429.8
     2-Mar-95       429.8    431.72    429.05     431.68
     3-Mar-95      431.68    436.89    429.34     436.68
     6-Mar-95      436.68    437.25    430.41     437.24
     7-Mar-95      437.24    437.82    431.13     432.12
     8-Mar-95      432.12    437.01    432.12     437.01
     9-Mar-95      437.01    438.49    433.12     437.02
    10-Mar-95      437.02    441.76    436.01     441.76
    13-Mar-95      441.75    443.94    440.29     440.82
    14-Mar-95      440.81    447.51    440.81     446.27
    15-Mar-95      446.27    446.56    442.31     443.57
    16-Mar-95      443.57    445.81    442.95     444.68
    17-Mar-95      444.68    447.75    442.71     443.94
    20-Mar-95      443.94    447.67    442.83     446.61
    21-Mar-95      446.61    451.16    445.99     447.13
    22-Mar-95      447.13    447.43    444.19     447.13
    23-Mar-95      447.13    452.04    446.74     448.82
    24-Mar-95      448.82    455.45    448.82     455.43
    27-Mar-95      455.43    457.98    453.32     457.12
    28-Mar-95      457.12    460.63    456.33     460.54
    29-Mar-95      460.54    462.99    449.43     451.87
    30-Mar-95      451.87    454.68    442.69     448.42
    31-Mar-95      448.36    448.55    439.22     447.15
     3-Apr-95      447.15    448.81     442.3     448.49
     4-Apr-95      448.49     450.9    441.53     441.86
     5-Apr-95      441.86    444.66    438.38     444.66
     6-Apr-95      444.66    445.88    439.91     439.92
     7-Apr-95      440.33    444.06    438.85     444.01
    10-Apr-95      444.01    449.64    442.58     449.36
    11-Apr-95      449.36    454.41    449.36     453.33
    12-Apr-95      453.33    457.02    452.01     456.98
    13-Apr-95      456.98    459.61    456.23     458.93
    17-Apr-95      458.93    466.79    456.74     457.06
    18-Apr-95      457.06     461.4    452.79     453.43
    19-Apr-95      453.48    453.48    442.71     447.06
    20-Apr-95      447.17    449.81    444.21     449.01
    21-Apr-95      449.01    451.91    449.01     451.34
    24-Apr-95      451.34    457.19    448.93     456.41
    25-Apr-95      456.43    461.02    456.43      459.1
    26-Apr-95       459.1    463.03    456.16     463.03
    27-Apr-95      463.03    468.89    462.59     465.34
    28-Apr-95      465.34    470.49    463.69     469.56
     1-May-95      469.56    472.47    466.05     466.05
     2-May-95      466.05    467.54    463.38     465.38
     3-May-95      465.38    474.93    465.38     474.93
     4-May-95      474.93    484.13    473.47      474.1
     5-May-95       474.1    478.27     470.3      470.3
     8-May-95       470.3    478.19    469.71     476.78
     9-May-95      476.78    479.49    471.83        476
    10-May-95         476    479.13    471.63     472.88
    11-May-95      472.87    479.57    470.72     479.57
    12-May-95      479.57    486.23    477.93     483.19
    15-May-95      483.19    486.97    481.22     486.34
    16-May-95      486.34    492.47    485.51     491.04
    17-May-95      491.04    497.78    491.04     494.69
    18-May-95      494.69    498.93    488.02     488.02
    19-May-95      488.02    490.33    484.68     489.87
    22-May-95      489.77    495.85    489.56     495.09
    23-May-95      495.09    503.12    495.09     503.12
    24-May-95      503.12    509.24       498      500.5
    25-May-95       500.5    502.16    495.15     501.66
    26-May-95      501.66    501.66    494.43     496.06
    30-May-95      496.06    498.15    481.21     482.08
    31-May-95      482.08     488.1    474.17      488.1
     1-Jun-95       488.1    493.61     487.2     490.96
     2-Jun-95      490.96    496.23    486.07     492.65
     5-Jun-95      492.65    502.92    492.65     500.81
     6-Jun-95      500.81    504.06    495.12     495.12
     7-Jun-95      495.12    499.25    493.58     497.15
     8-Jun-95      497.15    501.22    497.15     500.86
     9-Jun-95      500.86    502.08    495.57     500.41
    12-Jun-95      500.41    503.88    499.41     501.69
    13-Jun-95      501.69    506.31    501.69     505.32
    14-Jun-95      505.32    507.01    500.76     506.09
    15-Jun-95      506.09    513.24    506.09     511.99
    16-Jun-95      511.99    518.42    511.99     517.57
    19-Jun-95      517.55    530.89    517.55     530.53
    20-Jun-95      530.53    539.55    530.53     539.55
    21-Jun-95      539.55    542.96    533.33     535.52
    22-Jun-95      535.52    546.12    535.52     546.06
    23-Jun-95      546.06    546.57    541.84     544.66
    26-Jun-95      544.66    546.36    535.89     536.49
    27-Jun-95      536.49    540.48    526.88     527.84
    28-Jun-95      527.84    533.52    522.09     530.65
    29-Jun-95      530.65    537.97    529.85     536.21
    30-Jun-95      536.21    541.67    536.11     538.03
     3-Jul-95      538.03    540.33    536.73     538.97
     5-Jul-95      538.97    546.38    538.97     543.39
     6-Jul-95      543.39    554.09    543.39     553.87
     7-Jul-95      553.86    567.56    553.28     567.56
    10-Jul-95      567.56    575.97     567.5     573.56
    11-Jul-95      573.56    573.56    563.93     563.98
    12-Jul-95      563.98       580    563.98     579.71
    13-Jul-95      579.71    591.51    577.44     583.25
    14-Jul-95      583.27    589.98    574.34     589.85
    17-Jul-95      589.85    600.01    589.85     596.91
    18-Jul-95      595.19    597.12    578.09     578.46
    19-Jul-95      562.34    562.48     530.4     547.02
    20-Jul-95      549.85    554.52     545.5     550.33
    21-Jul-95      550.33    555.74    547.32     547.78
    24-Jul-95      547.78    563.06    547.78     562.64
    25-Jul-95      562.64    575.12    562.64     572.71
    26-Jul-95      572.71    581.43    572.71     576.84
    27-Jul-95      576.84    586.95    576.84     584.25
    28-Jul-95      584.25    584.25    573.33     574.18
    31-Jul-95      574.18    576.57    564.33     568.88
     1-Aug-95      568.88    569.27    554.25     559.21
     2-Aug-95      559.36    569.03     550.7     551.56
     3-Aug-95      551.56    553.55    541.64     553.06
     4-Aug-95      553.06    561.09    553.06     560.58
     7-Aug-95      560.58     566.7    560.58     563.65
     8-Aug-95      563.65    568.67    563.65     565.71
     9-Aug-95      565.71    577.23    565.71     575.49
    10-Aug-95      575.49    577.48    567.82     569.75
    11-Aug-95      569.75    575.69    568.23     575.64
    14-Aug-95      575.67    584.76    573.46     584.73
    15-Aug-95      584.73    588.26    579.63     584.05
    16-Aug-95      584.04    596.45    584.04     596.43
    17-Aug-95      596.43    600.15    593.13     596.28
    18-Aug-95      596.28    601.65    594.02     595.52
    21-Aug-95      595.52    598.73    578.89     578.89
    22-Aug-95      578.89    589.55     576.9     589.25
    23-Aug-95      589.25    593.32    587.05     591.32
    24-Aug-95      591.32    591.64    580.23     583.16
    25-Aug-95      583.16    584.79    579.97      580.1
    28-Aug-95       580.1    581.62    565.85     566.05
    29-Aug-95      566.05    566.82    549.12     566.82
    30-Aug-95      566.82    574.49    566.66     572.83
    31-Aug-95      572.85    580.03    572.85     576.77
     1-Sep-95      576.77     580.9    572.16     573.21
     5-Sep-95      573.21    595.36    573.21     595.36
     6-Sep-95      595.36    601.15    593.86     594.12
     7-Sep-95      597.16    604.39    597.05     599.14
     8-Sep-95      599.14    604.27     593.9     604.27
    11-Sep-95      604.27    612.56    604.27     609.75
    12-Sep-95      610.08    613.78     605.9     605.99
    13-Sep-95      605.99    611.05    603.17      607.7
    14-Sep-95       607.7       610    603.74     604.12
    15-Sep-95      604.12    604.12    586.27     589.01
    18-Sep-95      589.01    591.75    581.79     591.13
    19-Sep-95      591.13    601.88    589.57     601.02
    20-Sep-95      601.02    608.21    601.02     603.19
    21-Sep-95      603.19    603.19    593.14     594.85
    22-Sep-95      594.85    594.85    586.84     592.64
    25-Sep-95      592.64    593.92     583.6     587.93
    26-Sep-95      587.93    595.83    580.53     580.77
    27-Sep-95       580.7     580.7    557.26     576.22
    28-Sep-95      576.22    595.48    576.22     595.44
    29-Sep-95      595.44    599.31    584.93     585.08
     2-Oct-95      585.08     587.9    573.17     573.87
     3-Oct-95      573.87    575.81    563.95     573.16
     4-Oct-95      573.16    573.16    557.43     558.99
     5-Oct-95      558.99    572.76    556.61     572.75
     6-Oct-95      572.75    581.74    566.98     567.42
     9-Oct-95      567.41    567.41    543.04     546.93
    10-Oct-95      546.93    551.68    527.89     550.76
    11-Oct-95      550.76    564.65    550.76     564.33
    12-Oct-95      564.33    573.49    564.33      573.1
    13-Oct-95       573.1    579.68    569.35        570
    16-Oct-95      570.01    573.92    567.01     568.46
    17-Oct-95      568.46    589.43    568.46     589.43
    18-Oct-95      589.43    605.18    589.43     597.58
    19-Oct-95      597.97     602.6       591     601.26
    20-Oct-95      601.26    601.98    590.13     591.88
    23-Oct-95      587.84    594.73    586.01     593.27
    24-Oct-95       593.2    597.56    593.02     594.23
    25-Oct-95      594.23     595.2    584.33     584.33
    26-Oct-95      584.33    588.13    572.49     582.47
    27-Oct-95      582.47    593.53    580.25     593.53
    30-Oct-95      593.53    609.38    593.53      607.1
    31-Oct-95       607.1       613    598.77     598.78
     1-Nov-95      598.78       603    595.39     600.91
     2-Nov-95      600.91    614.79    600.65     614.69
     3-Nov-95      614.69    621.71    612.09     621.71
     6-Nov-95      621.71    623.53    615.66     615.72
     7-Nov-95      615.72    615.72     591.2     596.23
     8-Nov-95       596.2     606.4    594.75     598.72
     9-Nov-95      598.72    617.02    598.72     616.95
    10-Nov-95      616.95    620.98    611.64     613.61
    13-Nov-95      613.61    616.16    607.15     608.32
    14-Nov-95      608.32     608.5     591.6     591.68
    15-Nov-95      591.68    597.07    582.41     593.48
    16-Nov-95      593.48    597.73    586.94      591.7
    17-Nov-95       591.7    594.25     587.4     588.81
    20-Nov-95      588.81    593.73    571.67     571.67
    21-Nov-95      571.67    576.22     562.5     574.22
    22-Nov-95      574.22       580    568.99     569.04
    24-Nov-95      569.04    578.35    569.04     578.32
    27-Nov-95      578.32    585.88    573.91     573.91
    28-Nov-95      573.91    598.07    573.91        598
    29-Nov-95         598    604.79    593.18     599.58
    30-Nov-95      599.58    602.29    593.52     593.72
     1-Dec-95      593.72    595.77    586.18     587.02
     4-Dec-95      586.93    604.13    586.93        598
     5-Dec-95         598    600.35    588.91     591.23
     6-Dec-95      591.23    595.58    582.33     589.98
     7-Dec-95      589.98    592.63    579.76     587.13
     8-Dec-95      587.13    599.58    586.75     599.38
    11-Dec-95      599.38    602.39     596.1     596.11
    12-Dec-95      596.11    597.35    584.53     585.04
    13-Dec-95      585.04    590.69    583.91     587.54
    14-Dec-95      587.54    590.14    566.27     566.29
    15-Dec-95      566.29    571.06    560.35     563.28
    18-Dec-95      563.28    563.28    540.97     548.04
    19-Dec-95      548.04    575.02    548.04     575.01
    20-Dec-95      575.01    581.07    565.08     565.15
    21-Dec-95      565.15    580.76    565.15     580.76
    22-Dec-95      580.76    585.44    580.74     585.18
    26-Dec-95      585.18    586.58    582.59     585.09
    27-Dec-95      585.09    587.81    580.01     580.37
    28-Dec-95      580.37    580.37    571.05     571.96
    29-Dec-95      571.96    577.08    569.45     576.23
     2-Jan-96      576.23    586.29    573.89     585.94
     3-Jan-96      585.94    586.32    571.42     572.29
     4-Jan-96      572.29     575.6    552.69     563.48
     5-Jan-96      563.48    568.85    552.18     565.14
     8-Jan-96      565.14    568.23    562.22     563.15
     9-Jan-96      562.42    562.48    533.51     534.42
    10-Jan-96      534.42    545.19    527.22     535.29
    11-Jan-96      535.29    555.22    535.29      555.2
    12-Jan-96       555.2    558.96    546.71     552.71
    15-Jan-96      552.75    554.36    533.65     534.44
    16-Jan-96      534.44    546.47     526.8     546.05
    17-Jan-96      546.05     555.7    534.87     545.51
    18-Jan-96      545.51    555.24    545.51     554.32
    19-Jan-96      554.32    566.12    554.28     564.64
