STANDARD & POORS 500
                   O         H         L          C
    17-Feb-94      472.79    475.13    468.26     470.34
    18-Feb-94      470.29    471.09    466.07     467.69
    22-Feb-94      467.69    471.65    467.58     471.46
    23-Feb-94      471.48    472.41    469.47     470.69
    24-Feb-94      470.65    470.69    464.26     464.26
    25-Feb-94      464.33    466.48    464.26     466.07
    28-Feb-94      466.07    469.16    466.07     467.14
     1-Mar-94      467.19    467.43    462.02     464.44
     2-Mar-94       464.4    464.88    457.67     464.81
     3-Mar-94      464.81    464.83     462.5     463.01
     4-Mar-94      463.03    466.16    462.41     464.74
     7-Mar-94      464.74    468.07    464.74     466.91
     8-Mar-94      466.92    467.79    465.02     465.88
     9-Mar-94      465.94    467.42     463.4     467.06
    10-Mar-94      467.08    467.29    462.46      463.9
    11-Mar-94      463.86    466.61    462.54     466.44
    14-Mar-94      466.44     467.6    466.08     467.39
    15-Mar-94      467.36    468.99    466.04     467.01
    16-Mar-94      467.04    469.85    465.48     469.42
    17-Mar-94      469.42    471.05    468.62      470.9
    18-Mar-94      470.89    471.09    467.83     471.06
    21-Mar-94      471.06    471.06    467.23     468.54
    22-Mar-94       468.4    470.47    467.88      468.8
    23-Mar-94      468.89    470.38    468.52     468.54
    24-Mar-94      468.57    468.57    462.41     464.35
    25-Mar-94      464.35    465.29    460.58     460.58
    28-Mar-94      460.58    461.12     456.1        460
    29-Mar-94      460.03    460.32    452.43     452.48
    30-Mar-94       452.4    452.49    445.55     445.55
    31-Mar-94      445.55    447.16    436.16     445.77
     4-Apr-94      445.66    445.77    435.86     438.92
     5-Apr-94      439.14    448.29    438.92     448.29
     6-Apr-94      448.29    449.63    444.98     448.05
     7-Apr-94      448.11     451.1    446.38     450.88
     8-Apr-94      450.89    450.89    445.51      447.1
    11-Apr-94      447.12    450.34     447.1     449.87
    12-Apr-94      449.83     450.8    447.33     447.57
    13-Apr-94      447.63    448.57    442.62     446.26
    14-Apr-94      446.26    447.55    443.57     446.38
    15-Apr-94      446.38    447.85    445.81     446.18
    18-Apr-94      446.27    447.87    441.48     442.46
    19-Apr-94      442.54    444.82    438.83     442.54
    20-Apr-94      442.54    445.01     439.4     441.96
    21-Apr-94      441.96    449.14    441.96     448.73
    22-Apr-94      448.73    449.96    447.16     447.63
    25-Apr-94      447.64    452.71    447.58     452.71
    26-Apr-94      452.71    452.79    450.66     451.87
    28-Apr-94      451.84    452.23    447.97      449.1
    29-Apr-94      449.07    451.35    447.91     450.91
     2-May-94      450.91    453.57    449.05     453.02
     3-May-94      453.06    453.98    450.51     453.03
     4-May-94      453.04    453.11    449.87     451.72
     5-May-94      451.76    452.82    450.72     451.38
     6-May-94      451.37    451.38    445.64     447.82
     9-May-94      447.82    447.82    441.84     442.32
    10-May-94      442.37    446.84    442.32     446.01
    11-May-94      446.03    446.03    440.78     441.49
    12-May-94       441.5     444.8    441.49     443.75
    13-May-94      443.62    444.72    441.21     444.14
    16-May-94      444.15    445.82    443.62     444.49
    17-May-94      444.49    449.37     443.7     449.37
    18-May-94      449.39    454.45    448.87     453.69
    19-May-94      453.69    456.88       453     456.48
    20-May-94      456.48    456.48    454.22     454.92
    23-May-94      454.92    454.93    451.78      453.2
    24-May-94      453.21    456.77     453.2     454.81
    25-May-94      454.84    456.34     452.2     456.34
    26-May-94      456.33    457.77    455.79     457.06
    27-May-94      457.03    457.33    454.67     457.33
    31-May-94      457.32    457.61    455.16      456.5
     1-Jun-94       456.5    458.29    453.99     457.63
     2-Jun-94      457.62     458.5    457.26     457.65
     3-Jun-94      457.65    460.86    456.27     460.13
     6-Jun-94      460.13    461.87    458.85     458.88
     7-Jun-94      458.88    459.46    457.65     458.21
     8-Jun-94      458.21    459.74    455.43     457.06
     9-Jun-94      457.06    457.87    455.86     457.86
    10-Jun-94      457.86    459.48    457.36     458.67
    13-Jun-94      458.67    459.36    457.18      459.1
    14-Jun-94       459.1    462.52     459.1     462.37
    15-Jun-94      462.38    463.23    459.95     460.61
    16-Jun-94      460.61    461.93     459.8     461.93
    17-Jun-94      461.93    462.16    458.44     458.45
    20-Jun-94      458.45    458.45    454.46     455.48
    21-Jun-94      455.48    455.48    449.45     451.34
    22-Jun-94       451.4    453.91    451.34     453.09
    23-Jun-94      453.09    454.16    449.43     449.63
    24-Jun-94      449.63    449.63    442.51      442.8
    27-Jun-94      442.78    447.76    439.83     447.31
    28-Jun-94      447.36    448.47    443.08     446.07
    29-Jun-94      446.05    449.83    446.04     447.63
    30-Jun-94      447.63    448.61    443.66     444.27
     1-Jul-94      444.27    446.45    443.58      446.2
     5-Jul-94       446.2    447.62    445.14     446.37
     6-Jul-94      445.29    447.28    444.18     446.13
     7-Jul-94      446.15    448.64    446.13     448.38
     8-Jul-94      448.38    449.75    446.53     449.55
    11-Jul-94      449.56    450.24    445.27     448.06
    12-Jul-94      448.02    448.16    444.65     447.95
    13-Jul-94      448.03    450.06    447.95     448.73
    14-Jul-94      448.73    454.33    448.73     453.41
    15-Jul-94      453.41    454.33     452.8     454.16
    18-Jul-94      454.41    455.71    453.26     455.22
    19-Jul-94      455.22     455.3    453.86     453.86
    20-Jul-94      453.89    454.16    450.69      451.6
    21-Jul-94       451.6    453.22       451     452.61
    22-Jul-94      452.61    454.03    452.33     453.11
    25-Jul-94       453.1    454.32    452.76     454.25
    26-Jul-94      454.25    454.25    452.78     453.36
    27-Jul-94      453.36    453.38    451.36     452.57
    28-Jul-94      452.57    454.93    452.28     454.24
    29-Jul-94      454.24    459.34    454.23     458.26
     1-Aug-94      458.28    461.01    458.08     461.01
     2-Aug-94      461.01    462.77     459.7     460.56
     3-Aug-94      460.65    461.46    459.51     461.45
     4-Aug-94      461.45    461.49     458.4      458.4
     5-Aug-94      458.34     458.4    456.08     457.09
     8-Aug-94      457.08     458.3    457.01     457.89
     9-Aug-94      457.89    458.16    456.66     457.93
    10-Aug-94      457.98    460.48    457.93      460.3
    11-Aug-94      460.31    461.41    456.88     458.88
    12-Aug-94      458.88    462.27    458.87     461.94
    15-Aug-94      461.97    463.34    461.21     461.23
    16-Aug-94      461.22     465.2    459.89     465.01
    17-Aug-94      465.11    465.91    464.57     465.17
    18-Aug-94       465.1    465.17     462.3     463.17
    19-Aug-94      463.25    464.37    461.81     463.68
    22-Aug-94      463.61    463.68    461.46     462.32
    23-Aug-94      462.39    466.58    462.32     464.51
    24-Aug-94      464.51    469.05    464.51     469.03
    25-Aug-94      469.07    470.12    467.64     468.08
    26-Aug-94      468.08    474.65    468.08      473.8
    29-Aug-94      473.89    477.14     473.8     474.59
    30-Aug-94      474.59    476.61    473.56     476.07
    31-Aug-94      476.07    477.59    474.43     475.49
     1-Sep-94      475.49    475.49    471.74     473.17
     2-Sep-94       473.2    474.89    470.67     470.99
     6-Sep-94         471    471.92    469.64     471.86
     7-Sep-94      471.86    472.41     470.2     470.96
     8-Sep-94      470.96     473.4    470.86     473.14
     9-Sep-94      473.13    473.14    466.55     468.18
    12-Sep-94      468.18    468.42    466.15     466.21
    13-Sep-94      466.27    468.76    466.21     467.51
    14-Sep-94      467.55    468.86    466.82      468.8
    15-Sep-94       468.8    474.81    468.79     474.81
    16-Sep-94      474.81    474.81    470.06     471.19
    19-Sep-94      471.21    473.15    470.68     470.85
    20-Sep-94      470.83    470.85    463.36     463.36
    21-Sep-94      463.42    464.02    458.47     461.46
    22-Sep-94      461.45    463.22    460.96     461.27
    23-Sep-94      461.27    462.14    459.01     459.67
    26-Sep-94      459.65    460.87    459.31     460.82
    27-Sep-94      460.82    462.75    459.83     462.05
    28-Sep-94       462.1    465.55    462.05     464.84
    29-Sep-94      464.84    464.84    461.51     462.24
    30-Sep-94      462.27     465.3    461.91     462.69
     3-Oct-94      462.69    463.31    460.33     461.74
     4-Oct-94      461.77    462.46    454.03     454.59
     5-Oct-94      454.56    454.59    449.27     453.52
     6-Oct-94      453.52    454.49    452.13     452.36
     7-Oct-94      452.37    455.67    452.13      455.1
    10-Oct-94      455.12    459.29     455.1     459.04
    11-Oct-94      459.04    466.34    459.04     465.79
    12-Oct-94      465.78     466.7    464.79     465.47
    13-Oct-94      465.56     471.3    465.47     467.77
    14-Oct-94      467.78    469.53    466.11      469.1
    17-Oct-94      469.11    469.88    468.16     468.96
    18-Oct-94      469.02    469.19    466.54     467.66
    19-Oct-94      467.69    471.43    465.96     470.28
    20-Oct-94      470.37    470.37    465.39     466.85
    21-Oct-94      466.69    466.85    463.83     464.89
    24-Oct-94      464.89    466.37     460.8     460.83
    25-Oct-94      460.83    461.95    458.26     461.53
    26-Oct-94      461.55    463.77    461.22     462.62
    27-Oct-94      462.68    465.85    462.62     465.85
    28-Oct-94      465.84    473.78     465.8     473.77
    31-Oct-94      473.76    474.74    472.33     472.35
     1-Nov-94      472.26    472.26    467.64     468.42
     2-Nov-94      468.41    470.92    466.36      466.5
     3-Nov-94       466.5    468.64     466.4     467.91
     4-Nov-94      467.96    469.28    462.28     462.28
     7-Nov-94      462.31    463.56    461.25     463.07
     8-Nov-94      463.08    467.54    463.07     465.65
     9-Nov-94      465.65    469.95    463.44      465.4
    10-Nov-94       465.4    467.79    463.73     464.37
    11-Nov-94      464.17    464.37    461.45     462.35
    14-Nov-94      462.44    466.29    462.35     466.04
    15-Nov-94      466.04    468.51    462.95     465.03
    16-Nov-94      465.06    466.25    464.28      465.6
    17-Nov-94      465.71    465.83    461.47     463.56
    18-Nov-94       463.6    463.84    460.25     461.47
    21-Nov-94      461.69    463.41    457.55      458.3
    22-Nov-94      457.95     458.3    450.08     450.09
    23-Nov-94      450.01    450.64    444.18     449.93
    25-Nov-94      449.94    452.87     449.9     452.29
    28-Nov-94      452.26    454.19    451.04     454.16
    29-Nov-94      454.23    455.17    452.14     455.17
    30-Nov-94      455.17    457.13    453.27     453.69
     1-Dec-94      453.55    453.91    447.97     448.92
     2-Dec-94      448.92    453.31       448      453.3
     5-Dec-94       453.3    455.04    452.06     453.32
     6-Dec-94      453.29    453.93    450.35     453.11
     7-Dec-94      453.11    453.11    450.01     451.23
     8-Dec-94      451.23    452.06    444.59     445.45
     9-Dec-94      445.45    446.98    442.88     446.96
    12-Dec-94      446.95    449.48    445.62     449.47
    13-Dec-94      449.52    451.69    449.43     450.15
    14-Dec-94      450.05    456.16    450.05     454.97
    15-Dec-94      454.97    456.84     454.5     455.34
    16-Dec-94      455.35     458.8    455.34      458.8
    19-Dec-94      458.78     458.8    456.64     457.91
    20-Dec-94      458.08    458.45    456.37      457.1
    21-Dec-94      457.24     461.7     457.1     459.61
    22-Dec-94      459.62    461.21    459.33     459.67
    23-Dec-94       459.7    461.32    459.39     459.83
    27-Dec-94      459.85    462.73    459.83     462.47
    28-Dec-94      462.47    462.49       459     460.86
    29-Dec-94      460.92    461.81    460.36     461.16
    30-Dec-94      461.17    462.12    459.24     459.27
     3-Jan-95      459.21    459.27     457.2     459.11
     4-Jan-95      459.13    460.72    457.56     460.71
     5-Jan-95      460.73     461.3    459.75     460.34
     6-Jan-95      460.38    462.49    459.47     460.68
     9-Jan-95      460.67    461.77    459.74     460.83
    10-Jan-95       460.9    464.59    460.83     461.68
    11-Jan-95      461.68    463.61    458.65     461.66
    12-Jan-95      461.64    461.93    460.63     461.64
    13-Jan-95      461.64    466.43    461.64     465.97
    16-Jan-95      465.97    470.39    465.97     469.38
    17-Jan-95      469.38    470.15    468.19     470.05
    18-Jan-95      470.05    470.43    468.03     469.72
    19-Jan-95      469.72    469.72     466.4     466.95
    20-Jan-95      466.95    466.99    463.99     464.78
    23-Jan-95      464.78    466.23    461.14     465.81
    24-Jan-95      465.81    466.88    465.47     465.86
    25-Jan-95      465.86    469.51     464.4     467.44
    26-Jan-95      467.44    468.62     466.9     468.32
    27-Jan-95      468.32    471.36    468.32     470.39
    30-Jan-95      470.39    470.52    467.49     468.51
    31-Jan-95      468.51    471.03    468.18     470.42
     1-Feb-95      470.42    472.75    469.29      470.4
     2-Feb-95       470.4    472.79    469.95     472.78
     3-Feb-95      472.78    479.91    472.78     478.64
     6-Feb-95      478.64    481.95    478.36     481.14
     7-Feb-95      481.14    481.32    479.69     480.81
     8-Feb-95      480.81     482.6     480.4     481.19
     9-Feb-95      481.19       482    479.91     480.19
    10-Feb-95      480.19    481.96    479.53     481.46
    13-Feb-95      481.46    482.86    481.07     481.65
    14-Feb-95      481.65    482.94    480.89     482.55
    15-Feb-95      482.55    485.54    481.77     484.54
    16-Feb-95      484.56    485.22    483.05     485.22
    17-Feb-95      485.15    485.22    481.97     481.97
    21-Feb-95      481.97    483.26    481.97     482.74
    22-Feb-95      482.74    486.15    482.45     485.07
    23-Feb-95      485.07    489.19    485.07     486.91
    24-Feb-95      486.82    488.22     485.7     488.11
    27-Feb-95      487.47    488.11    483.18     483.81
    28-Feb-95      483.81    487.45    483.77     487.39
     1-Mar-95      487.39    487.83    484.92     485.65
     2-Mar-95      485.65    485.71    483.19     485.13
     3-Mar-95      485.13    485.42    483.07     485.42
     6-Mar-95      485.42     485.7    481.52     485.63
     7-Mar-95      485.63    485.63     479.7     482.12
     8-Mar-95      482.12    484.08    481.57     483.14
     9-Mar-95      483.14    483.74    482.05     483.16
    10-Mar-95      483.16    490.37    483.16     489.57
    13-Mar-95      489.57    491.28    489.35     490.05
    14-Mar-95      490.05    493.69    490.05     492.89
    15-Mar-95      492.89    492.89    490.83     491.88
    16-Mar-95      491.87    495.74    491.78     495.41
    17-Mar-95      495.43    496.67    494.95     495.52
    20-Mar-95      495.52    496.61    495.27     496.15
    21-Mar-95      496.15    499.19    494.04     495.07
    22-Mar-95      495.07    495.67    493.67     495.67
    23-Mar-95      495.67    496.77    494.19     495.95
    24-Mar-95      496.07    500.97    495.95     500.97
    27-Mar-95      500.97     503.2    500.93      503.2
    28-Mar-95      503.19    503.91    501.83      503.9
    29-Mar-95      503.92    508.15    500.96     503.12
    30-Mar-95      503.17    504.66       501     502.22
    31-Mar-95      501.94    502.22     495.7     500.71
     3-Apr-95       500.7    501.91     500.2     501.85
     4-Apr-95      501.85    505.26    501.82     505.24
     5-Apr-95      505.27    505.57    503.17     505.57
     6-Apr-95      505.63     507.1       505     506.08
     7-Apr-95      506.13    507.19    503.59     506.42
    10-Apr-95       506.3    507.01    504.61     507.01
    11-Apr-95      507.24    508.85    505.29     505.53
    12-Apr-95      505.59    507.17    505.07     507.17
    13-Apr-95      507.19    509.83    507.17     509.23
    17-Apr-95      507.17    512.03    505.43     506.13
    18-Apr-95      506.43    507.65    504.12     505.37
    19-Apr-95      505.37    505.89    501.19     504.92
    20-Apr-95      504.92     506.5    503.44     505.29
    21-Apr-95      505.63    508.49    505.29     508.49
    24-Apr-95      508.49    513.02    507.44     512.89
    25-Apr-95       512.8    513.54    511.32      512.1
    26-Apr-95      511.99    513.04    510.47     512.66
    27-Apr-95       512.7    513.62    511.63     513.55
    28-Apr-95      513.64    515.29     510.9     514.71
     1-May-95      514.76     515.6    513.42     514.26
     2-May-95      514.23    515.18    513.03     514.86
     3-May-95      514.93    520.54    514.86     520.48
     4-May-95      520.48     525.4    519.44     520.54
     5-May-95      520.75    522.35    518.28     520.12
     8-May-95      520.09    525.15    519.14     523.96
     9-May-95      523.96    525.99    521.79     523.56
    10-May-95      523.74     524.4    521.53     524.36
    11-May-95      524.33    524.89     522.7     524.37
    12-May-95      524.37    527.05     523.3     525.55
    15-May-95      525.55    527.74       525     527.74
    16-May-95      527.74    529.08    526.45     528.19
    17-May-95      528.19    528.42    525.38     527.07
    18-May-95      526.88    527.07    519.58     519.58
    19-May-95      519.58    519.58    517.07     519.19
    22-May-95      519.19    524.34    519.19     523.65
    23-May-95      523.65    528.59    523.65     528.59
    24-May-95      528.59    531.91    525.57     528.61
    25-May-95      528.37    529.04    524.89     528.59
    26-May-95      528.59    528.59    522.51     523.65
    30-May-95      523.65    525.58    521.38     523.58
    31-May-95       523.7    533.41    522.17      533.4
     1-Jun-95       533.4    534.21    530.05     533.49
     2-Jun-95      533.49    536.91    529.55     532.51
     5-Jun-95      532.51    537.73    532.47      535.6
     6-Jun-95       535.6    537.09    535.14     535.55
     7-Jun-95      535.55    535.55    531.66     533.13
     8-Jun-95      533.13    533.56    531.65     532.35
     9-Jun-95      532.35    532.35       526     527.94
    12-Jun-95      527.94    532.54    527.94     530.88
    13-Jun-95      530.88    536.23    530.88     536.05
    14-Jun-95      536.05    536.48    533.83     536.47
    15-Jun-95      536.48    539.07    535.56     537.12
    16-Jun-95      537.51    539.98    537.12     539.83
    19-Jun-95      539.83    545.22    539.83     545.22
    20-Jun-95      545.22    545.44    543.43     544.98
    21-Jun-95      544.98    545.93     543.9     543.98
    22-Jun-95      543.98    551.07    543.98     551.07
    23-Jun-95      551.07    551.07    548.23     549.71
    26-Jun-95      549.71    549.79    544.06     544.13
    27-Jun-95      544.11    547.07    542.19     542.43
    28-Jun-95      542.43    546.33    540.72     544.73
    29-Jun-95      544.73    546.25    540.79     543.87
    30-Jun-95      543.87    546.82    543.51     544.75
     3-Jul-95      544.75     547.1    544.43     547.09
     5-Jul-95      547.09    549.98    546.28     547.26
     6-Jul-95      547.26    553.99    546.59     553.99
     7-Jul-95       553.9    556.57    553.05     556.37
    10-Jul-95      556.37    558.48    555.77     557.19
    11-Jul-95      556.78    557.19     553.8     554.78
    12-Jul-95      555.27    561.56    554.27     560.89
    13-Jul-95      560.89       562    559.07        561
    14-Jul-95         561       561    556.41     559.89
    17-Jul-95      560.34    562.94    559.45     562.72
    18-Jul-95      562.55    562.72    556.86     558.46
    19-Jul-95      556.58    558.46    542.51     550.98
    20-Jul-95      550.98    554.43     549.1     553.54
    21-Jul-95      553.34    554.73    550.91     553.62
    24-Jul-95      553.62    557.21    553.62     556.63
    25-Jul-95      556.63    561.75    556.34      561.1
    26-Jul-95       561.1    563.78    560.85     561.61
    27-Jul-95      561.61    565.33    561.61     565.22
    28-Jul-95      565.22     565.4    562.04     562.93
    31-Jul-95      562.93    563.49    560.06     562.06
     1-Aug-95      562.06    562.11    556.67     559.64
     2-Aug-95      559.64    565.62    557.87      558.8
     3-Aug-95       558.8     558.8     554.1     558.75
     4-Aug-95      558.75    559.57    557.91     558.94
     7-Aug-95      558.94    561.24    558.94     560.03
     8-Aug-95      560.03    561.53    558.32     560.39
     9-Aug-95      560.39    561.59    559.29     559.71
    10-Aug-95      559.71    560.63    556.05     557.45
    11-Aug-95      557.45     558.5    553.04     555.11
    14-Aug-95      555.11    559.74    554.76     559.74
    15-Aug-95      559.74    559.98    555.22     558.57
    16-Aug-95      558.57    559.98    557.37     559.97
    17-Aug-95      559.97    559.97    557.42     559.04
    18-Aug-95      559.04    561.24    558.34     559.21
    21-Aug-95      559.21    563.34    557.89     558.11
    22-Aug-95      558.11    559.52    555.87     559.52
    23-Aug-95      559.52       560    557.08     557.14
    24-Aug-95      557.14    558.63     555.2     557.46
    25-Aug-95      557.46    561.31    557.46      560.1
    28-Aug-95       560.1    562.22    557.99     559.05
    29-Aug-95      559.05    560.01    555.71        560
    30-Aug-95         560    561.52    559.49     560.92
    31-Aug-95      561.09    562.36    560.49     561.88
     1-Sep-95      561.88    564.62    561.01     563.84
     5-Sep-95      563.84     569.2    563.84     569.17
     6-Sep-95      569.18    570.53       569     570.17
     7-Sep-95      570.17    571.11    569.23     570.29
     8-Sep-95      570.29    572.68    569.27     572.68
    11-Sep-95      572.68    575.15    572.68     573.91
    12-Sep-95      573.91    576.51    573.11     576.51
    13-Sep-95      576.51    579.72    575.47     578.77
    14-Sep-95      578.77    583.99    578.77     583.61
    15-Sep-95      583.61    585.07    581.79     583.35
    18-Sep-95      583.35    583.37    579.36     582.77
    19-Sep-95      582.78    584.24    580.75      584.2
    20-Sep-95       584.2    586.77    584.18     586.77
    21-Sep-95      586.77    586.79    580.91        583
    22-Sep-95         583       583    578.25     581.73
    25-Sep-95      581.73    582.14     579.5     581.81
    26-Sep-95      581.81    584.66    580.65     581.41
    27-Sep-95      581.41    581.42    574.68     581.04
    28-Sep-95      581.04    585.88    580.69     585.87
    29-Sep-95      585.87    587.61       584     584.41
     2-Oct-95      584.41    585.05    580.54     581.72
     3-Oct-95      581.72    582.34    578.48     582.34
     4-Oct-95      582.34    582.34    579.91     581.47
     5-Oct-95      581.47    582.63    579.58     582.63
     6-Oct-95      582.63    584.54     582.1     582.49
     9-Oct-95      582.49    582.49    576.35     578.37
    10-Oct-95      578.37    578.37    571.55     577.52
    11-Oct-95      577.52    579.52    577.08     579.46
    12-Oct-95      579.46    583.12    579.46      583.1
    13-Oct-95       583.1    587.39     583.1      584.5
    16-Oct-95       584.5    584.86    582.63     583.03
    17-Oct-95      583.03    586.78     581.9     586.78
    18-Oct-95      586.78    589.77    586.27     587.44
    19-Oct-95      587.44    590.66    586.34     590.65
    20-Oct-95      590.65    590.66    586.78     587.46
    23-Oct-95      587.46    587.46    583.73     585.06
    24-Oct-95      585.06    587.31    584.75     586.54
    25-Oct-95      586.54    587.19    581.41     582.47
    26-Oct-95      582.47    582.63    572.53     576.72
    27-Oct-95      576.72     579.7    573.21      579.7
    30-Oct-95       579.7    583.79     579.7     583.25
    31-Oct-95      583.25    586.71     581.5      581.5
     1-Nov-95       581.5    584.24    581.04     584.22
     2-Nov-95      584.22    589.72    584.22     589.72
     3-Nov-95      589.72    590.57    588.65     590.57
     6-Nov-95      590.57    590.64    588.31     588.46
     7-Nov-95      588.46    588.46    584.24     586.32
     8-Nov-95      586.32    591.71    586.32     591.71
     9-Nov-95      591.71     593.9    590.89     593.26
    10-Nov-95      593.26    593.26    590.39     592.72
    13-Nov-95      592.72    593.72    590.58      592.3
    14-Nov-95       592.3     592.3    588.98     589.29
    15-Nov-95      589.29    593.97    588.36     593.96
    16-Nov-95      593.96    597.91    593.52     597.34
    17-Nov-95      597.34    600.14     597.3     600.07
    20-Nov-95      600.07     600.4    596.17     596.85
    21-Nov-95      596.85    600.28    595.42     600.24
    22-Nov-95      600.24    600.71     598.4      598.4
    24-Nov-95       598.4    600.24     598.4     599.97
    27-Nov-95      599.97    603.35    599.97     601.32
    28-Nov-95      601.32    606.45    599.02     606.45
    29-Nov-95      606.45    607.66    605.47     607.64
    30-Nov-95      607.64    608.69    605.37     605.37
     1-Dec-95      605.37    608.11    605.37     606.98
     4-Dec-95      606.98    613.83    606.84     613.68
     5-Dec-95      613.68    618.48    613.14     617.68
     6-Dec-95      617.68    621.11    616.69     620.18
     7-Dec-95      620.18    620.19    615.21     616.17
     8-Dec-95      616.17    617.82    614.32     617.48
    11-Dec-95      617.48     620.9    617.14     619.52
    12-Dec-95      619.52    619.55    617.68     618.78
    13-Dec-95      618.78    622.02    618.27     621.69
    14-Dec-95      621.69    622.88    616.13     616.92
    15-Dec-95      616.92    617.72    614.46     616.34
    18-Dec-95      616.34    616.34    606.13     606.81
    19-Dec-95      606.81    611.94    605.05     611.93
    20-Dec-95      611.93    614.27    605.93     605.94
    21-Dec-95      605.94    610.52    605.94     610.49
    22-Dec-95      610.49     613.5    610.45     611.96
    26-Dec-95      611.96     614.5    611.96      614.3
    27-Dec-95       614.3    615.73    613.75     614.53
    28-Dec-95      614.53     615.5     612.4     614.12
    29-Dec-95      614.12    615.93    612.36     615.93
     2-Jan-96      615.93    620.74    613.17     620.73
     3-Jan-96      620.73    623.25    619.56     621.32
     4-Jan-96      621.32    624.52    613.96      617.7
     5-Jan-96       617.7     617.7    612.02     616.71
     8-Jan-96      616.71    618.46    616.49     618.46
     9-Jan-96      618.46    619.15    608.21     609.45
    10-Jan-96      609.45    609.45    597.29     598.48
    11-Jan-96      598.48    602.71    597.54     602.69
    12-Jan-96      602.69     604.8    597.46     601.81
    15-Jan-96      601.81    603.43    598.47     599.82
    16-Jan-96      599.82    608.44    599.05     608.44
    17-Jan-96      608.44    609.93     604.7     606.37
    18-Jan-96      606.37    608.27    604.12     608.24
    19-Jan-96      608.24    612.92    606.76     611.83
    22-Jan-96      611.83    613.45    610.95      613.4
    23-Jan-96       613.4     613.4    610.65     612.79
    24-Jan-96      612.79    619.96    612.79     619.96
    25-Jan-96      619.96    620.15    616.62     617.03
    26-Jan-96      617.03     621.7    615.26     621.62
    29-Jan-96      621.62    624.22    621.42     624.22
    30-Jan-96      624.22    630.29    624.22     630.15
    31-Jan-96      630.15    636.18    629.48     636.02
     1-Feb-96      636.02    638.46    634.54     638.46
     2-Feb-96      638.46    639.26    634.29     635.84
     5-Feb-96      635.84    641.43    633.71     641.43
     6-Feb-96      641.43    646.67    639.68     646.33
     7-Feb-96      646.33    649.93    645.59     649.93
     8-Feb-96      649.93    656.54    647.93     656.07
     9-Feb-96      656.07    661.08    653.64     656.37
