   -10.00000    
   -10.00000    
   -10.00000    
   -10.00000    
   -10.00000    
   -10.00000    
   -10.00000    
   -10.00000    
   -10.00000    
   -10.00000    
   -10.00000    
   -10.00000    
   -10.00000    
   -10.00000    
   -10.00000    
   -10.00000    
   -10.00000    
   -10.00000    
   -10.00000    
   -10.00000    
   -10.00000    
   -10.00000    
   -10.00000    
   -10.00000    
   -10.00000    
   -10.00000    
   -10.00000    
   -10.00000    
   -10.00000    
   -10.00000    
   -10.00000    
   -10.00000    
   -10.00000    
   -10.00000    
   -10.00000    
   -10.00000    
   -10.00000    
   -10.00000    
   -10.00000    
   -10.00000    
   -10.00000    
   -10.00000    
   -10.00000    
   -10.00000    
   -10.00000    
   -10.00000    
   -10.00000    
   -10.00000    
   -10.00000    
   -10.00000    
   -10.00000    
   -10.00000    
   -10.00000    
   -10.00000    
   -10.00000    
   -10.00000    
   -10.00000    
   -10.00000    
   -10.00000    
   -10.00000    
   -10.00000    
   -10.00000    
   -10.00000    
   -10.00000    
   -10.00000    
   -10.00000    
   -10.00000    
   -10.00000    
   -10.00000    
   -10.00000    
   -10.00000    
   -10.00000    
   -10.00000    
   -10.00000    
   -10.00000    
   -10.00000    
   -10.00000    
   -10.00000    
   -10.00000    
   -10.00000    
   -10.00000    
   -10.00000    
   -10.00000    
   -10.00000    
   -10.00000    
   -10.00000    
   -10.00000    
   -10.00000    
   -10.00000    
   -10.00000    
   0.0000000E+00
   -4.943548    
   -6.283368    
   -6.717927    
   -6.960354    
   -7.220893    
   -7.546787    
   -7.926765    
   -8.323256    
   -8.695030    
   -9.018522    
   -9.282989    
   -9.480430    
   -9.598983    
   -9.626776    
   -9.563553    
   -9.427277    
   -9.236204    
   -8.994084    
   -8.700624    
   -8.363512    
   -8.007429    
   -7.677411    
   -7.408323    
   -7.228652    
   -7.167294    
   -7.258401    
   -7.494276    
   -7.849949    
   -8.276028    
   -8.701888    
   -9.070989    
   -9.358903    
   -9.556485    
   -9.654983    
   -9.646973    
   -9.539527    
   -9.355367    
   -9.102176    
   -8.779314    
   -8.394495    
   -7.980276    
   -7.603020    
   -7.315109    
   -7.154720    
   -7.155038    
   -7.315987    
   -7.604286    
   -7.981709    
   -8.395843    
   -8.780421    
   -9.102996    
   -9.355917    
   -9.539849    
   -9.647095    
   -9.654966    
   -9.556426    
   -9.358849    
   -9.070942    
   -8.701832    
   -8.275940    
   -7.849820    
   -7.494122    
   -7.258266    
   -7.167212    
   -7.228644    
   -7.408401    
   -7.677561    
   -8.007627    
   -8.363726    
   -8.700830    
   -8.994269    
   -9.236365    
   -9.427403    
   -9.563637    
   -9.626795    
   -9.598933    
   -9.480325    
   -9.282844    
   -9.018351    
   -8.694836    
   -8.323037    
   -7.926529    
   -7.546541    
   -7.220651    
   -6.960137    
   -6.717760    
   -6.283274    
   -4.943525    
   0.0000000E+00
   0.0000000E+00
   -2.532567    
   -3.619618    
   -4.095349    
   -4.434931    
   -4.824701    
   -5.328554    
   -5.960286    
   -6.686483    
   -7.404447    
   -8.046998    
   -8.580388    
   -8.983952    
   -9.231188    
   -9.293362    
   -9.164499    
   -8.887968    
   -8.502781    
   -8.017817    
   -7.440437    
   -6.804351    
   -6.185267    
   -5.687892    
   -5.319875    
   -5.084884    
   -4.998480    
   -5.108224    
   -5.422671    
   -5.943304    
   -6.644623    
   -7.434899    
   -8.159070    
   -8.738681    
   -9.142526    
   -9.347190    
   -9.330763    
   -9.109058    
   -8.735114    
   -8.226392    
   -7.591885    
   -6.874626    
   -6.183327    
   -5.655205    
   -5.294094    
   -5.102495    
   -5.102904    
   -5.295267    
   -5.657025    
   -6.185628    
   -6.877125    
   -7.594087    
   -8.228081    
   -8.736266    
   -9.109744    
   -9.331054    
   -9.347130    
   -9.142365    
   -8.738520    
   -8.158921    
   -7.434732    
   -6.644423    
   -5.943089    
   -5.422469    
   -5.108075    
   -4.998409    
   -5.084922    
   -5.320034    
   -5.688167    
   -6.185638    
   -6.804775    
   -7.440858    
   -8.018204    
   -8.503112    
   -8.888235    
   -9.164677    
   -9.293394    
   -9.231075    
   -8.983727    
   -8.580087    
   -8.046642    
   -7.404050    
   -6.686055    
   -5.959853    
   -5.328146    
   -4.824335    
   -4.434618    
   -4.095108    
   -3.619472    
   -2.532518    
   0.0000000E+00
   0.0000000E+00
   -1.365735    
   -2.091473    
   -2.510843    
   -2.867530    
   -3.265964    
   -3.768555    
   -4.431762    
   -5.300949    
   -6.247208    
   -7.148563    
   -7.926439    
   -8.530454    
   -8.908497    
   -9.005770    
   -8.803922    
   -8.384907    
   -7.813458    
   -7.115183    
   -6.327237    
   -5.534916    
   -4.871688    
   -4.410319    
   -4.089521    
   -3.877869    
   -3.785099    
   -3.865539    
   -4.147061    
   -4.650523    
   -5.394554    
   -6.366636    
   -7.348702    
   -8.179393    
   -8.776689    
   -9.084030    
   -9.050998    
   -8.710911    
   -8.154270    
   -7.422794    
   -6.564289    
   -5.692492    
   -4.994321    
   -4.531733    
   -4.228047    
   -4.061680    
   -4.062066    
   -4.229170    
   -4.533488    
   -4.996684    
   -5.695468    
   -6.567210    
   -7.425191    
   -8.155980    
   -8.711956    
   -9.051452    
   -9.083916    
   -8.776419    
   -8.179138    
   -7.348489    
   -6.366451    
   -5.394403    
   -4.650391    
   -4.146941    
   -3.865463    
   -3.785082    
   -3.877965    
   -4.089727    
   -4.410638    
   -4.872133    
   -5.535470    
   -6.327836    
   -7.115757    
   -7.813965    
   -8.385321    
   -8.804204    
   -9.005816    
   -8.908308    
   -8.530092    
   -7.925970    
   -7.148031    
   -6.246643    
   -5.300396    
   -4.431272    
   -3.768153    
   -3.265641    
   -2.867270    
   -2.510639    
   -2.091337    
   -1.365679    
   0.0000000E+00
   0.0000000E+00
  -0.8314020    
   -1.374571    
   -1.782117    
   -2.149944    
   -2.517443    
   -2.937558    
   -3.499594    
   -4.321343    
   -5.334927    
   -6.390333    
   -7.356209    
   -8.134254    
   -8.631545    
   -8.756866    
   -8.476122    
   -7.922145    
   -7.191861    
   -6.343349    
   -5.461133    
   -4.678681    
   -4.133790    
   -3.788696    
   -3.537575    
   -3.344077    
   -3.234823    
   -3.278296    
   -3.511326    
   -3.949506    
   -4.629595    
   -5.604984    
   -6.709915    
   -7.715281    
   -8.469076    
   -8.861599    
   -8.801068    
   -8.348240    
   -7.636639    
   -6.750099    
   -5.797268    
   -4.954851    
   -4.402800    
   -4.052310    
   -3.799248    
   -3.642610    
   -3.642981    
   -3.800322    
   -4.053897    
   -4.404879    
   -4.957657    
   -5.800361    
   -6.752880    
   -7.638741    
   -8.349573    
   -8.801661    
   -8.861448    
   -8.468744    
   -7.715011    
   -6.709759    
   -5.604931    
   -4.629628    
   -3.949516    
   -3.511288    
   -3.278268    
   -3.234840    
   -3.344193    
   -3.537779    
   -3.788989    
   -4.134202    
   -4.679254    
   -5.461821    
   -6.344064    
   -7.192528    
   -7.922709    
   -8.476516    
   -8.756935    
   -8.631281    
   -8.133755    
   -7.355584    
   -6.389657    
   -5.334268    
   -4.320769    
   -3.499172    
   -2.937269    
   -2.517245    
   -2.149798    
   -1.781999    
   -1.374482    
  -0.8313567    
   0.0000000E+00
   0.0000000E+00
  -0.6190774    
   -1.117040    
   -1.555571    
   -1.947681    
   -2.292596    
   -2.629932    
   -3.060343    
   -3.742662    
   -4.700616    
   -5.805571    
   -6.890357    
   -7.802554    
   -8.396778    
   -8.537486    
   -8.177526    
   -7.506467    
   -6.658979    
   -5.736313    
   -4.869349    
   -4.204858    
   -3.819344    
   -3.572917    
   -3.354489    
   -3.147542    
   -3.007147    
   -3.020437    
   -3.226238    
   -3.622007    
   -4.232073    
   -5.134250    
   -6.257667    
   -7.358403    
   -8.221026    
   -8.673231    
   -8.576291    
   -8.026000    
   -7.200602    
   -6.237120    
   -5.304016    
   -4.594421    
   -4.194042    
   -3.912349    
   -3.662367    
   -3.487242    
   -3.487617    
   -3.663458    
   -3.913862    
   -4.195844    
   -4.596692    
   -5.306846    
   -6.239938    
   -7.202884    
   -8.027506    
   -8.576979    
   -8.673076    
   -8.220705    
   -7.358223    
   -6.257694    
   -5.134443    
   -4.232314    
   -3.622120    
   -3.226223    
   -3.020406    
   -3.007153    
   -3.147640    
   -3.354659    
   -3.573147    
   -3.819670    
   -4.205356    
   -4.870031    
   -5.737100    
   -6.659766    
   -7.507165    
   -8.178031    
   -8.537597    
   -8.396447    
   -7.801933    
   -6.889600    
   -5.804802    
   -4.699931    
   -3.742148    
   -3.060035    
   -2.629772    
   -2.292519    
   -1.947638    
   -1.555531    
   -1.116999    
  -0.6190500    
   0.0000000E+00
   0.0000000E+00
  -0.5587639    
   -1.075224    
   -1.561780    
   -1.988408    
   -2.330091    
   -2.612653    
   -2.934006    
   -3.466426    
   -4.309872    
   -5.390118    
   -6.531729    
   -7.535254    
   -8.198957    
   -8.339252    
   -7.906487    
   -7.142787    
   -6.223687    
   -5.294759    
   -4.515660    
   -4.005345    
   -3.748639    
   -3.555123    
   -3.329882    
   -3.084838    
   -2.904889    
   -2.895809    
   -3.095549    
   -3.482019    
   -4.053187    
   -4.879056    
   -5.966115    
   -7.100802    
   -8.026649    
   -8.511924    
   -8.374163    
   -7.747360    
   -6.851961    
   -5.878406    
   -5.035152    
   -4.483240    
   -4.180408    
   -3.915153    
   -3.630562    
   -3.418303    
   -3.418683    
   -3.631694    
   -3.916660    
   -4.182045    
   -4.485120    
   -5.037566    
   -5.881021    
   -6.854223    
   -7.748911    
   -8.374887    
   -8.511795    
   -8.026417    
   -7.100813    
   -5.966423    
   -4.879537    
   -4.053605    
   -3.482174    
   -3.095507    
   -2.895741    
   -2.904860    
   -3.084897    
   -3.330000    
   -3.555280    
   -3.748863    
   -4.005723    
   -4.516263    
   -5.295550    
   -6.224546    
   -7.143592    
   -7.907096    
   -8.339450    
   -8.198580    
   -7.534532    
   -6.530880    
   -5.389302    
   -4.309216    
   -3.466002    
   -2.933811    
   -2.612597    
   -2.330104    
   -1.988439    
   -1.561797    
   -1.075221    
  -0.5587533    
   0.0000000E+00
   0.0000000E+00
  -0.5623266    
   -1.119000    
   -1.656925    
   -2.123051    
   -2.476203    
   -2.730253    
   -2.975678    
   -3.383431    
   -4.101712    
   -5.117817    
   -6.270448    
   -7.326843    
   -8.032372    
   -8.156188    
   -7.662072    
   -6.832118    
   -5.882677    
   -4.996246    
   -4.337754    
   -3.972457    
   -3.797094    
   -3.618174    
   -3.360990    
   -3.065374    
   -2.843642    
   -2.818150    
   -3.024636    
   -3.424446    
   -3.987680    
   -4.761508    
   -5.794789    
   -6.924119    
   -7.876124    
   -8.371158    
   -8.193213    
   -7.512454    
   -6.585780    
   -5.648305    
   -4.921542    
   -4.502928    
   -4.252986    
   -3.969463    
   -3.629380    
   -3.370926    
   -3.371297    
   -3.630521    
   -3.970955    
   -4.254506    
   -4.504518    
   -4.923527    
   -5.650583    
   -6.587869    
   -7.513928    
   -8.193913    
   -8.371086    
   -7.876050    
   -6.924399    
   -5.795427    
   -4.762275    
   -3.988229    
   -3.424601    
   -3.024544    
   -2.818035    
   -2.843572    
   -3.065382    
   -3.361045    
   -3.618251    
   -3.797213    
   -3.972706    
   -4.338245    
   -4.996988    
   -5.883563    
   -6.832995    
   -7.662767    
   -8.156448    
   -8.031962    
   -7.326050    
   -6.269540    
   -5.116995    
   -4.101109    
   -3.383099    
   -2.975572    
   -2.730274    
   -2.476279    
   -2.123133    
   -1.656984    
   -1.119025    
  -0.5623291    
   0.0000000E+00
   0.0000000E+00
  -0.5890936    
   -1.190997    
   -1.779260    
   -2.286493    
   -2.659165    
   -2.901534    
   -3.097366    
   -3.411640    
   -4.018057    
   -4.956361    
   -6.090771    
   -7.168974    
   -7.891515    
   -7.987065    
   -7.443339    
   -6.571971    
   -5.624903    
   -4.809306    
   -4.274669    
   -4.023999    
   -3.895144    
   -3.707087    
   -3.405264    
   -3.054944    
   -2.793141    
   -2.755790    
   -2.975772    
   -3.400663    
   -3.976126    
   -4.723564    
   -5.705377    
   -6.807805    
   -7.758754    
   -8.245208    
   -8.032253    
   -7.318938    
   -6.391410    
   -5.516570    
   -4.906476    
   -4.587509    
   -4.360209    
   -4.039299    
   -3.633859    
   -3.325603    
   -3.325946    
   -3.634952    
   -4.040720    
   -4.361598    
   -4.588850    
   -4.908060    
   -5.518455    
   -6.393219    
   -7.320240    
   -8.032873    
   -8.245217    
   -7.758885    
   -6.808399    
   -5.706363    
   -4.724589    
   -3.976762    
   -3.400786    
   -2.975624    
   -2.755630    
   -2.793033    
   -3.054894    
   -3.405245    
   -3.707080    
   -3.895165    
   -4.024130    
   -4.275038    
   -4.809968    
   -5.625776    
   -6.572888    
   -7.444092    
   -7.987374    
   -7.891093    
   -7.168139    
   -6.089839    
   -4.955557    
   -4.017517    
   -3.411387    
   -3.097329    
   -2.901612    
   -2.659290    
   -2.286618    
   -1.779353    
   -1.191045    
  -0.5891066    
   0.0000000E+00
   0.0000000E+00
  -0.6224869    
   -1.269195    
   -1.905622    
   -2.453870    
   -2.849785    
   -3.089637    
   -3.252991    
   -3.499620    
   -4.014800    
   -4.876399    
   -5.976128    
   -7.052537    
   -7.771273    
   -7.830633    
   -7.248933    
   -6.357666    
   -5.436334    
   -4.703749    
   -4.280915    
   -4.114011    
   -4.008395    
   -3.797834    
   -3.445894    
   -3.041335    
   -2.743650    
   -2.698191    
   -2.935734    
   -3.390857    
   -3.988660    
   -4.728092    
   -5.667949    
   -6.733564    
   -7.664903    
   -8.129090    
   -7.890112    
   -7.163051    
   -6.256562    
   -5.456335    
   -4.950891    
   -4.702737    
   -4.479223    
   -4.111053    
   -3.636215    
   -3.277238    
   -3.277531    
   -3.637193    
   -4.112325    
   -4.480431    
   -4.703830    
   -4.952108    
   -5.457810    
   -6.258026    
   -7.164105    
   -7.890601    
   -8.129191    
   -7.665268    
   -6.734495    
   -5.669271    
   -4.729332    
   -3.989341    
   -3.390934    
   -2.935532    
   -2.697992    
   -2.743513    
   -3.041218    
   -3.445791    
   -3.797736    
   -4.008321    
   -4.114034    
   -4.281167    
   -4.704317    
   -5.437166    
   -6.358592    
   -7.249722    
   -7.830976    
   -7.770854    
   -7.051690    
   -5.975195    
   -4.875631    
   -4.014322    
   -3.499432    
   -3.253006    
   -3.089759    
   -2.849951    
   -2.454033    
   -1.905746    
   -1.269264    
  -0.6225097    
   0.0000000E+00
   0.0000000E+00
  -0.6563931    
   -1.345653    
   -2.027562    
   -2.615982    
   -3.036909    
   -3.279134    
   -3.420362    
   -3.618089    
   -4.062056    
   -4.854729    
   -5.911694    
   -6.968915    
   -7.667117    
   -7.685829    
   -7.077192    
   -6.183610    
   -5.303109    
   -4.654912    
   -4.326196    
   -4.217950    
   -4.120370    
   -3.879571    
   -3.475680    
   -3.019838    
   -2.691733    
   -2.641837    
   -2.900487    
   -3.388059    
   -4.011584    
   -4.753356    
   -5.661346    
   -6.686925    
   -7.587019    
   -8.021237    
   -7.765732    
   -7.040483    
   -6.169625    
   -5.446521    
   -5.029887    
   -4.830972    
   -4.599488    
   -4.179037    
   -3.633841    
   -3.224611    
   -3.224840    
   -3.634638    
   -4.180074    
   -4.600452    
   -4.831800    
   -5.030762    
   -5.447597    
   -6.170711    
   -7.041238    
   -7.766045    
   -8.021379    
   -7.587620    
   -6.688189    
   -5.662978    
   -4.754765    
   -4.012274    
   -3.388079    
   -2.900240    
   -2.641605    
   -2.691555    
   -3.019647    
   -3.475480    
   -3.879375    
   -4.120203    
   -4.217876    
   -4.326340    
   -4.655381    
   -5.303879    
   -6.184521    
   -7.077993    
   -7.686195    
   -7.666717    
   -6.968079    
   -5.910785    
   -4.854006    
   -4.061637    
   -3.617955    
   -3.420419    
   -3.279294    
   -3.037112    
   -2.616181    
   -2.027717    
   -1.345743    
  -0.6564254    
   0.0000000E+00
   0.0000000E+00
  -0.6885991    
   -1.417194    
   -2.141407    
   -2.768852    
   -3.216069    
   -3.463846    
   -3.589382    
   -3.751285    
   -4.140811    
   -4.874316    
   -5.885277    
   -6.910534    
   -7.575045    
   -7.551738    
   -6.926313    
   -6.044188    
   -5.213094    
   -4.644305    
   -4.391498    
   -4.322948    
   -4.222956    
   -3.946733    
   -3.490924    
   -2.988313    
   -2.634918    
   -2.585342    
   -2.869225    
   -3.390725    
   -4.039629    
   -4.787636    
   -5.671594    
   -6.657253    
   -7.519594    
   -7.921692    
   -7.658041    
   -6.946944    
   -6.120651    
   -5.471666    
   -5.128149    
   -4.962792    
   -4.715406    
   -4.240185    
   -3.625575    
   -3.167405    
   -3.167553    
   -3.626129    
   -4.240908    
   -4.716067    
   -4.963329    
   -5.128696    
   -5.472357    
   -6.121345    
   -6.947366    
   -7.658145    
   -7.921836    
   -7.520421    
   -6.658831    
   -5.673490    
   -4.789161    
   -4.040294    
   -3.390688    
   -2.868947    
   -2.585087    
   -2.634690    
   -2.988042    
   -3.490620    
   -3.946433    
   -4.222697    
   -4.322789    
   -4.391550    
   -4.644681    
   -5.213793    
   -6.045061    
   -6.927107    
   -7.552116    
   -7.574682    
   -6.909731    
   -5.884409    
   -4.873647    
   -4.140447    
   -3.751194    
   -3.589473    
   -3.464039    
   -3.216308    
   -2.769086    
   -2.141592    
   -1.417305    
  -0.6886409    
   0.0000000E+00
   0.0000000E+00
  -0.7181259    
   -1.482006    
   -2.244786    
   -2.909936    
   -3.384951    
   -3.641348    
   -3.755826    
   -3.891142    
   -4.239454    
   -4.923166    
   -5.887272    
   -6.870915    
   -7.491074    
   -7.427480    
   -6.794513    
   -5.934273    
   -5.156424    
   -4.658865    
   -4.465481    
   -4.422508    
   -4.311830    
   -3.995886    
   -3.489386    
   -2.945845    
   -2.571662    
   -2.528125    
   -2.842260    
   -3.399544    
   -4.071909    
   -4.825513    
   -5.690083    
   -6.637197    
   -7.458797    
   -7.830092    
   -7.565826    
   -6.878445    
   -6.101599    
   -5.520947    
   -5.236519    
   -5.092803    
   -4.823273    
   -4.292273    
   -3.610651    
   -3.105449    
   -3.105506    
   -3.610906    
   -4.292613    
   -4.823578    
   -5.093028    
   -5.236749    
   -5.521273    
   -6.101904    
   -6.878522    
   -7.565705    
   -7.830218    
   -7.459829    
   -6.639054    
   -5.692192    
   -4.827098    
   -4.072519    
   -3.399452    
   -2.841968    
   -2.527855    
   -2.571384    
   -2.945493    
   -3.488973    
   -3.995478    
   -4.311484    
   -4.422276    
   -4.465455    
   -4.659155    
   -5.157045    
   -5.935093    
   -6.795280    
   -7.427863    
   -7.490768    
   -6.870168    
   -5.886463    
   -4.922555    
   -4.239141    
   -3.891090    
   -3.755945    
   -3.641571    
   -3.385221    
   -2.910203    
   -2.244999    
   -1.482136    
  -0.7181776    
   0.0000000E+00
   0.0000000E+00
  -0.7442799    
   -1.538562    
   -2.335557    
   -3.036849    
   -3.541637    
   -3.810605    
   -3.918417    
   -4.034039    
   -4.351252    
   -4.993083    
   -5.910263    
   -6.844485    
   -7.409749    
   -7.312173    
   -6.680135    
   -5.849493    
   -5.125546    
   -4.689953    
   -4.542032    
   -4.513697    
   -4.384242    
   -4.024479    
   -3.469615    
   -2.890491    
   -2.501033    
   -2.470048    
   -2.820267    
   -3.415974    
   -4.109766    
   -4.865518    
   -5.712106    
   -6.622024    
   -7.402090    
   -7.745811    
   -7.487709    
   -6.831428    
   -6.106321    
   -5.587311    
   -5.349877    
   -5.217467    
   -4.919943    
   -4.333291    
   -3.588397    
   -3.038546    
   -3.038505    
   -3.588307    
   -4.333189    
   -4.919850    
   -5.217368    
   -5.349799    
   -5.587290    
   -6.106248    
   -6.831158    
   -7.487360    
   -7.745908    
   -7.403302    
   -6.624115    
   -5.714368    
   -4.867108    
   -4.110297    
   -3.415840    
   -2.819980    
   -2.469778    
   -2.500707    
   -2.890049    
   -3.469093    
   -4.023961    
   -4.383810    
   -4.513400    
   -4.541942    
   -4.690168    
   -5.126089    
   -5.850249    
   -6.680859    
   -7.312548    
   -7.409507    
   -6.843809    
   -5.909523    
   -4.992537    
   -4.350989    
   -4.034019    
   -3.918563    
   -3.810854    
   -3.541938    
   -3.037146    
   -2.335796    
   -1.538711    
  -0.7443411    
   0.0000000E+00
   0.0000000E+00
  -0.7663422    
   -1.585313    
   -2.411499    
   -3.146922    
   -3.683834    
   -3.970830    
   -4.077595    
   -4.179345    
   -4.473021    
   -5.078834    
   -5.948501    
   -6.826118    
   -7.331030    
   -7.205327    
   -6.581767    
   -5.786358    
   -5.115145    
   -4.732692    
   -4.618951    
   -4.595413    
   -4.437737    
   -4.030483    
   -3.431261    
   -2.821226    
   -2.422638    
   -2.411283    
   -2.803915    
   -3.441432    
   -4.155437    
   -4.908614    
   -5.735750    
   -6.609013    
   -7.347877    
   -7.667879    
   -7.422056    
   -6.802788    
   -6.130652    
   -5.667229    
   -5.466017    
   -5.333703    
   -5.002157    
   -4.361194    
   -3.558149    
   -2.966426    
   -2.966282    
   -3.557678    
   -4.360605    
   -5.001633    
   -5.333271    
   -5.465639    
   -5.666873    
   -6.130213    
   -6.802183    
   -7.421494    
   -7.667963    
   -7.349242    
   -6.611287    
   -5.738103    
   -4.910157    
   -4.155879    
   -3.441276    
   -2.803660    
   -2.411030    
   -2.422271    
   -2.820696    
   -3.430630    
   -4.029862    
   -4.437222    
   -4.595063    
   -4.618812    
   -4.732844    
   -5.115613    
   -5.787041    
   -6.582435    
   -7.205686    
   -7.330842    
   -6.825524    
   -5.947842    
   -5.078358    
   -4.472808    
   -4.179358    
   -4.077765    
   -3.971103    
   -3.684161    
   -3.147246    
   -2.411762    
   -1.585480    
  -0.7664123    
   0.0000000E+00
   0.0000000E+00
  -0.7834607    
   -1.620615    
   -2.470231    
   -3.237017    
   -3.808376    
   -4.120591    
   -4.234928    
   -4.329550    
   -4.605571    
   -5.178570    
   -5.997396    
   -6.810113    
   -7.254869    
   -7.106693    
   -6.498307    
   -5.742382    
   -5.122278    
   -4.786072    
   -4.697607    
   -4.666814    
   -4.472574    
   -4.016469    
   -3.374016    
   -2.737617    
   -2.336501    
   -2.352186    
   -2.793612    
   -3.476672    
   -4.211032    
   -4.957076    
   -5.761049    
   -6.596922    
   -7.295177    
   -7.594507    
   -7.366602    
   -6.789753    
   -6.173419    
   -5.762197    
   -5.585000    
   -5.438803    
   -5.068624    
   -4.374984    
   -3.518057    
   -2.887516    
   -2.887166    
   -3.517140    
   -4.373906    
   -5.067694    
   -5.438064    
   -5.584335    
   -5.761504    
   -6.172613    
   -6.788846    
   -7.365888    
   -7.594649    
   -7.296669    
   -6.599320    
   -5.763426    
   -4.958528    
   -4.211386    
   -3.476522    
   -2.793416    
   -2.351969    
   -2.336104    
   -2.737004    
   -3.373281    
   -4.015751    
   -4.471990    
   -4.666418    
   -4.697432    
   -4.786170    
   -5.122672    
   -5.742983    
   -6.498909    
   -7.107023    
   -7.254724    
   -6.809605    
   -5.996827    
   -5.178173    
   -4.605416    
   -4.329599    
   -4.235123    
   -4.120884    
   -3.808725    
   -3.237364    
   -2.470514    
   -1.620797    
  -0.7835392    
   0.0000000E+00
   0.0000000E+00
  -0.7946123    
   -1.642722    
   -2.509191    
   -3.303466    
   -3.910853    
   -4.256663    
   -4.392111    
   -4.492188    
   -4.755010    
   -5.292494    
   -6.053326    
   -6.795272    
   -7.181309    
   -7.016197    
   -6.429038    
   -5.716312    
   -5.147188    
   -4.854676    
   -4.781361    
   -4.731830    
   -4.492195    
   -3.981996    
   -3.296976    
   -2.639442    
   -2.242929    
   -2.293191    
   -2.789210    
   -3.521155    
   -4.277500    
   -5.013606    
   -5.789269    
   -6.585310    
   -7.243478    
   -7.524332    
   -7.317711    
   -6.789513    
   -6.232433    
   -5.868506    
   -5.704376    
   -5.536054    
   -5.121944    
   -4.373960    
   -3.465981    
   -2.800447    
   -2.799869    
   -3.464600    
   -4.372378    
   -5.120601    
   -5.535010    
   -5.703445    
   -5.867512    
   -6.231306    
   -6.788347    
   -7.316895    
   -7.524521    
   -7.245056    
   -6.587753    
   -5.791600    
   -5.014933    
   -4.277784    
   -3.521048    
   -2.789104    
   -2.293031    
   -2.242515    
   -2.638754    
   -3.296141    
   -3.981182    
   -4.491539    
   -4.731394    
   -4.781154    
   -4.854723    
   -5.147506    
   -5.716827    
   -6.429564    
   -7.016487    
   -7.181196    
   -6.794847    
   -6.052855    
   -5.292182    
   -4.754918    
   -4.492279    
   -4.392329    
   -4.256973    
   -3.911220    
   -3.303832    
   -2.509491    
   -1.642916    
  -0.7946981    
   0.0000000E+00
   0.0000000E+00
  -0.7986122    
   -1.649740    
   -2.526739    
   -3.346612    
   -3.994286    
   -4.383251    
   -4.550549    
   -4.663902    
   -4.916477    
   -5.416001    
   -6.113224    
   -6.780722    
   -7.110493    
   -6.933911    
   -6.373676    
   -5.708591    
   -5.193758    
   -4.938997    
   -4.871129    
   -4.791601    
   -4.494810    
   -3.924498    
   -3.198760    
   -2.526629    
   -2.142443    
   -2.234680    
   -2.789684    
   -3.572335    
   -4.353421    
   -5.079667    
   -5.821905    
   -6.574248    
   -7.192211    
   -7.456932    
   -7.274504    
   -6.799575    
   -6.303263    
   -5.981382    
   -5.822097    
   -5.624728    
   -5.160184    
   -4.355358    
   -3.399750    
   -2.704128    
   -2.703321    
   -3.397904    
   -4.353261    
   -5.158407    
   -5.623374    
   -5.820918    
   -5.980129    
   -6.301869    
   -6.798205    
   -7.273610    
   -7.457153    
   -7.193795    
   -6.576665    
   -5.824115    
   -5.080844    
   -4.353673    
   -3.572316    
   -2.789701    
   -2.234602    
   -2.142029    
   -2.525879    
   -3.197833    
   -3.923589    
   -4.494078    
   -4.791118    
   -4.870889    
   -4.938993    
   -5.193995    
   -5.709012    
   -6.374117    
   -6.934157    
   -7.110404    
   -6.780378    
   -6.112853    
   -5.415778    
   -4.916450    
   -4.664034    
   -4.550795    
   -4.383583    
   -3.994673    
   -3.346995    
   -2.527051    
   -1.649944    
  -0.7987040    
   0.0000000E+00
   0.0000000E+00
  -0.7940685    
   -1.639302    
   -2.519971    
   -3.363203    
   -4.056146    
   -4.499310    
   -4.709368    
   -4.841946    
   -5.085843    
   -5.545088    
   -6.174562    
   -6.765856    
   -7.042642    
   -6.860025    
   -6.332192    
   -5.720422    
   -5.260345    
   -5.037833    
   -4.966558    
   -4.842812    
   -4.475135    
   -3.839902    
   -3.077702    
   -2.399288    
   -2.035686    
   -2.176844    
   -2.792588    
   -3.624914    
   -4.435270    
   -5.154727    
   -5.860168    
   -6.564766    
   -7.141453    
   -7.391959    
   -7.235935    
   -6.817256    
   -6.381614    
   -6.096650    
   -5.935468    
   -5.701632    
   -5.178937    
   -4.314965    
   -3.316645    
   -2.597323    
   -2.596294    
   -3.314346    
   -4.312347    
   -5.176702    
   -5.699955    
   -5.934060    
   -6.095186    
   -6.380019    
   -6.815740    
   -7.234996    
   -7.392200    
   -7.143012    
   -6.567086    
   -5.862196    
   -5.155752    
   -4.435530    
   -3.625025    
   -2.792755    
   -2.176874    
   -2.035290    
   -2.398493    
   -3.076695    
   -3.838899    
   -4.474316    
   -4.842268    
   -4.966278    
   -5.037776    
   -5.260500    
   -5.720742    
   -6.332543    
   -6.860217    
   -7.042563    
   -6.765583    
   -6.174286    
   -5.544952    
   -5.085880    
   -4.842121    
   -4.709642    
   -4.499666    
   -4.056552    
   -3.363599    
   -2.520291    
   -1.639511    
  -0.7941641    
   0.0000000E+00
   0.0000000E+00
  -0.7794388    
   -1.608865    
   -2.484678    
   -3.347005    
   -4.089031    
   -4.598470    
   -4.864382    
   -5.022797    
   -5.259175    
   -5.676187    
   -6.235244    
   -6.750271    
   -6.978025    
   -6.794738    
   -6.304253    
   -5.751107    
   -5.345427    
   -5.149484    
   -5.063853    
   -4.877538    
   -4.424804    
   -3.722964    
   -2.932038    
   -2.257736    
   -1.923291    
   -2.119512    
   -2.790252    
   -3.670869    
   -4.516737    
   -5.236299    
   -5.904428    
   -6.557812    
   -7.091537    
   -7.329092    
   -7.200810    
   -6.839710    
   -6.463239    
   -6.210070    
   -6.040429    
   -5.761098    
   -5.171357    
   -4.246994    
   -3.213225    
   -2.478530    
   -2.477298    
   -3.210507    
   -4.243862    
   -5.168636    
   -5.759070    
   -6.038805    
   -6.208443    
   -6.461507    
   -6.838109    
   -7.199853    
   -7.329336    
   -7.093028    
   -6.559968    
   -5.906232    
   -5.237184    
   -4.517056    
   -3.671148    
   -2.790588    
   -2.119673    
   -1.922935    
   -2.256915    
   -2.930969    
   -3.721874    
   -4.423889    
   -4.876915    
   -5.063518    
   -5.149370    
   -5.345500    
   -5.751325    
   -6.304512    
   -6.794870    
   -6.977952    
   -6.750060    
   -6.235055    
   -5.676130    
   -5.259274    
   -5.023014    
   -4.864686    
   -4.598848    
   -4.089455    
   -3.347411    
   -2.485003    
   -1.609075    
  -0.7795361    
   0.0000000E+00
   0.0000000E+00
  -0.7534744    
   -1.555816    
   -2.415909    
   -3.289650    
   -4.081383    
   -4.668875    
   -5.006924    
   -5.200868    
   -5.432021    
   -5.805848    
   -6.293434    
   -6.733678    
   -6.916894    
   -6.738177    
   -6.290141    
   -5.799596    
   -5.446771    
   -5.269904    
   -5.153590    
   -4.882386    
   -4.332450    
   -3.567597    
   -2.760094    
   -2.102507    
   -1.805650    
   -2.058239    
   -2.773524    
   -3.698775    
   -4.587350    
   -5.318486    
   -5.953110    
   -6.553658    
   -7.042662    
   -7.267902    
   -7.167724    
   -6.863859    
   -6.543607    
   -6.316494    
   -6.130560    
   -5.793965    
   -5.127398    
   -4.143734    
   -3.085205    
   -2.345926    
   -2.344525    
   -3.082126    
   -4.140117    
   -5.124169    
   -5.791548    
   -6.128722    
   -6.314743    
   -6.541804    
   -6.862231    
   -7.166776    
   -7.268132    
   -7.044043    
   -6.555590    
   -5.954665    
   -5.319266    
   -4.587785    
   -3.699260    
   -2.774038    
   -2.058526    
   -1.805358    
   -2.101685    
   -2.758987    
   -3.566433    
   -4.331435    
   -4.881664    
   -5.153179    
   -5.269722    
   -5.446760    
   -5.799713    
   -6.290304    
   -6.738250    
   -6.916819    
   -6.733521    
   -6.293322    
   -5.805863    
   -5.432170    
   -5.201122    
   -5.007256    
   -4.669275    
   -4.081820    
   -3.290060    
   -2.416231    
   -1.556025    
  -0.7535710    
   0.0000000E+00
   0.0000000E+00
  -0.7150869    
   -1.477663    
   -2.308363    
   -3.181026    
   -4.017276    
   -4.691688    
   -5.121414    
   -5.366447    
   -5.598073    
   -5.930036    
   -6.347157    
   -6.715642    
   -6.859237    
   -6.689942    
   -6.289453    
   -5.863637    
   -5.559709    
   -5.389973    
   -5.218426    
   -4.837454    
   -4.183913    
   -3.367335    
   -2.560521    
   -1.934321    
   -1.683063    
   -1.984538    
   -2.730335    
   -3.692569    
   -4.630424    
   -5.389749    
   -6.000833    
   -6.550717    
   -6.994291    
   -7.207437    
   -7.134708    
   -6.885906    
   -6.617014    
   -6.408290    
   -6.195066    
   -5.785513    
   -5.032609    
   -3.995157    
   -2.927366    
   -2.197298    
   -2.195775    
   -2.924010    
   -3.991115    
   -5.028861    
   -5.782651    
   -6.192989    
   -6.406436    
   -6.615186    
   -6.884298    
   -7.133783    
   -7.207625    
   -6.995517    
   -6.552379    
   -6.002141    
   -5.390481    
   -4.631042    
   -3.693288    
   -2.731027    
   -1.984943    
   -1.682864    
   -1.933528    
   -2.559408    
   -3.366126    
   -4.182806    
   -4.836617    
   -5.217915    
   -5.389712    
   -5.559613    
   -5.863656    
   -6.289524    
   -6.689960    
   -6.859153    
   -6.715524    
   -6.347106    
   -5.930107    
   -5.598265    
   -5.366729    
   -5.121768    
   -4.692107    
   -4.017722    
   -3.181432    
   -2.308677    
   -1.477864    
  -0.7151805    
   0.0000000E+00
   0.0000000E+00
  -0.6634892    
   -1.372383    
   -2.157050    
   -3.010075    
   -3.876543    
   -4.639046    
   -5.180994    
   -5.501492    
   -5.746089    
   -6.042127    
   -6.392996    
   -6.694652    
   -6.803947    
   -6.647824    
   -6.299525    
   -5.937412    
   -5.673315    
   -5.490484    
   -5.228919    
   -4.715397    
   -3.963027    
   -3.116106    
   -2.332561    
   -1.753919    
   -1.556400    
   -1.889743    
   -2.645741    
   -3.630437    
   -4.620120    
   -5.428799    
   -6.034679    
   -6.542772    
   -6.943252    
   -7.144664    
   -7.097824    
   -6.899622    
   -6.674057    
   -6.471788    
   -6.214623    
   -5.712050    
   -4.866675    
   -3.788684    
   -2.733584    
   -2.029986    
   -2.028406    
   -2.730072    
   -3.784318    
   -4.862429    
   -5.708681    
   -6.212254    
   -6.469820    
   -6.672230    
   -6.898065    
   -7.096927    
   -7.144776    
   -6.944277    
   -6.544143    
   -6.035778    
   -5.429568    
   -4.620987    
   -3.631405    
   -2.646590    
   -1.890248    
   -1.556331    
   -1.753184    
   -2.331479    
   -3.114888    
   -3.961852    
   -4.714439    
   -5.228282    
   -5.490129    
   -5.673130    
   -5.937337    
   -6.299511    
   -6.647798    
   -6.803855    
   -6.694564    
   -6.392991    
   -6.042239    
   -5.746308    
   -5.501794    
   -5.181365    
   -4.639479    
   -3.876988    
   -3.010468    
   -2.157347    
   -1.372571    
  -0.6635770    
   0.0000000E+00
   0.0000000E+00
  -0.5983923    
   -1.238922    
   -1.958323    
   -2.766504    
   -3.636346    
   -4.472873    
   -5.141098    
   -5.570991    
   -5.852294    
   -6.127153    
   -6.421794    
   -6.664677    
   -6.745801    
   -6.605932    
   -6.310982    
   -6.005057    
   -5.761700    
   -5.532740    
   -5.138483    
   -4.481897    
   -3.653539    
   -2.809415    
   -2.076315    
   -1.561448    
   -1.420300    
   -1.763630    
   -2.502356    
   -3.484415    
   -4.517823    
   -5.397135    
   -6.026283    
   -6.512080    
   -6.878122    
   -7.069221    
   -7.046448    
   -6.890939    
   -6.694900    
   -6.479257    
   -6.153532    
   -5.536238    
   -4.602390    
   -3.509534    
   -2.497128    
   -1.840820    
   -1.839262    
   -2.493620    
   -3.505011    
   -4.597733    
   -5.532316    
   -6.150771    
   -6.477114    
   -6.693054    
   -6.889431    
   -7.045570    
   -7.069235    
   -6.878921    
   -6.513175    
   -6.027258    
   -5.398064    
   -4.518997    
   -3.485610    
   -2.503323    
   -1.764194    
   -1.420309    
   -1.560794    
   -2.075308    
   -2.808241    
   -3.652341    
   -4.480837    
   -5.137702    
   -5.532265    
   -5.761417    
   -6.004890    
   -6.310885    
   -6.605857    
   -6.745695    
   -6.664606    
   -6.421818    
   -6.127287    
   -5.852526    
   -5.571301    
   -5.141482    
   -4.473310    
   -3.636779    
   -2.766872    
   -1.958595    
   -1.239092    
  -0.5984716    
   0.0000000E+00
   0.0000000E+00
  -0.5202129    
   -1.077768    
   -1.711293    
   -2.443724    
   -3.275616    
   -4.147579    
   -4.933480    
   -5.507316    
   -5.863387    
   -6.146434    
   -6.405483    
   -6.603561    
   -6.664320    
   -6.542142    
   -6.293872    
   -6.024152    
   -5.765936    
   -5.443114    
   -4.880690    
   -4.099888    
   -3.242866    
   -2.445952    
   -1.792943    
   -1.356170    
   -1.266091    
   -1.595315    
   -2.282391    
   -3.222369    
   -4.270147    
   -5.227543    
   -5.916540    
   -6.413331    
   -6.764382    
   -6.951188    
   -6.949583    
   -6.823089    
   -6.633066    
   -6.372889    
   -5.947422    
   -5.203133    
   -4.206798    
   -3.142456    
   -2.211433    
   -1.626068    
   -1.624627    
   -2.208129    
   -3.138022    
   -4.201931    
   -5.198696    
   -5.944153    
   -6.370444    
   -6.631120    
   -6.821583    
   -6.948690    
   -6.951091    
   -6.764965    
   -6.414230    
   -5.917533    
   -5.228785    
   -4.271631    
   -3.223723    
   -2.283399    
   -1.595887    
   -1.266144    
   -1.355616    
   -1.792055    
   -2.444879    
   -3.241712    
   -4.098777    
   -4.879775    
   -5.442490    
   -5.765536    
   -6.023888    
   -6.293695    
   -6.542012    
   -6.664191    
   -6.603493    
   -6.405514    
   -6.146569    
   -5.863615    
   -5.507627    
   -4.933865    
   -4.148004    
   -3.276017    
   -2.444053    
   -1.711530    
   -1.077916    
  -0.5202814    
   0.0000000E+00
   0.0000000E+00
  -0.4302219    
  -0.8914362    
   -1.419281    
   -2.042758    
   -2.783371    
   -3.621772    
   -4.470177    
   -5.190237    
   -5.666723    
   -6.003899    
   -6.263568    
   -6.440693    
   -6.491816    
   -6.384459    
   -6.163186    
   -5.891451    
   -5.565555    
   -5.096238    
   -4.377761    
   -3.540589    
   -2.727739    
   -2.029183    
   -1.484527    
   -1.136347    
   -1.086007    
   -1.375676    
   -1.972081    
   -2.815265    
   -3.815225    
   -4.813295    
   -5.593650    
   -6.143109    
   -6.511025    
   -6.706800    
   -6.722376    
   -6.603201    
   -6.384313    
   -6.040858    
   -5.491672    
   -4.643568    
   -3.647761    
   -2.675753    
   -1.871483    
   -1.381355    
   -1.380127    
   -1.868604    
   -2.671729    
   -3.643039    
   -4.638840    
   -5.487833    
   -6.037972    
   -6.382132    
   -6.601604    
   -6.721423    
   -6.706598    
   -6.511467    
   -6.143962    
   -5.594825    
   -4.814939    
   -3.816904    
   -2.816635    
   -1.973029    
   -1.376194    
   -1.086076    
   -1.135916    
   -1.483795    
   -2.028273    
   -2.726711    
   -3.539521    
   -4.376768    
   -5.095448    
   -5.565015    
   -5.891075    
   -6.162919    
   -6.384264    
   -6.491652    
   -6.440608    
   -6.263583    
   -6.004017    
   -5.666933    
   -5.190536    
   -4.470548    
   -3.622161    
   -2.783720    
   -2.043035    
   -1.419477    
  -0.8915561    
  -0.4302776    
   0.0000000E+00
   0.0000000E+00
  -0.3305375    
  -0.6845626    
   -1.090557    
   -1.575601    
   -2.169489    
   -2.882766    
   -3.677586    
   -4.453338    
   -5.066176    
   -5.498328    
   -5.802892    
   -5.991568    
   -6.046510    
   -5.945407    
   -5.719348    
   -5.398727    
   -4.963703    
   -4.346048    
   -3.576366    
   -2.802078    
   -2.119887    
   -1.567734    
   -1.153035    
  -0.8986622    
  -0.8727778    
   -1.100061    
   -1.568357    
   -2.251876    
   -3.110459    
   -4.049329    
   -4.886723    
   -5.505586    
   -5.919852    
   -6.140795    
   -6.168850    
   -6.031708    
   -5.751115    
   -5.305413    
   -4.651401    
   -3.797637    
   -2.909331    
   -2.107811    
   -1.475584    
   -1.101470    
   -1.100537    
   -1.473338    
   -2.104551    
   -2.905261    
   -3.793142    
   -4.647141    
   -5.302118    
   -5.748627    
   -6.029943    
   -6.167809    
   -6.140542    
   -5.920286    
   -5.506561    
   -4.888134    
   -4.051098    
   -3.112057    
   -2.253071    
   -1.569132    
   -1.100469    
  -0.8728388    
  -0.8983783    
   -1.152491    
   -1.567035    
   -2.119071    
   -2.801176    
   -3.575444    
   -4.345208    
   -4.963051    
   -5.398236    
   -5.718982    
   -5.945133    
   -6.046296    
   -5.991445    
   -5.802873    
   -5.498412    
   -5.066357    
   -4.453609    
   -3.677909    
   -2.883087    
   -2.169764    
   -1.575813    
   -1.090704    
  -0.6846523    
  -0.3305793    
   0.0000000E+00
   0.0000000E+00
  -0.2238601    
  -0.4632568    
  -0.7371681    
   -1.064668    
   -1.470412    
   -1.974449    
   -2.574244    
   -3.228107    
   -3.846908    
   -4.333088    
   -4.686085    
   -4.901988    
   -4.969038    
   -4.868494    
   -4.622963    
   -4.253304    
   -3.760986    
   -3.143559    
   -2.502482    
   -1.924000    
   -1.446000    
   -1.072496    
  -0.7979375    
  -0.6350443    
  -0.6203210    
  -0.7707626    
   -1.084802    
   -1.554819    
   -2.170688    
   -2.896270    
   -3.634448    
   -4.244926    
   -4.680574    
   -4.920371    
   -4.955150    
   -4.795599    
   -4.470270    
   -3.987957    
   -3.362202    
   -2.668691    
   -2.012766    
   -1.453241    
   -1.026504    
  -0.7801736    
  -0.7795780    
   -1.025029    
   -1.451034    
   -2.009888    
   -2.665286    
   -3.358632    
   -3.984839    
   -4.467769    
   -4.793802    
   -4.954120    
   -4.920168    
   -4.681095    
   -4.246006    
   -3.635865    
   -2.897746    
   -2.171889    
   -1.555658    
   -1.085324    
  -0.7710261    
  -0.6203580    
  -0.6348680    
  -0.7975852    
   -1.072036    
   -1.445450    
   -1.923372    
   -2.501796    
   -3.142866    
   -3.760359    
   -4.252778    
   -4.622539    
   -4.868163    
   -4.968781    
   -4.901829    
   -4.686030    
   -4.333135    
   -3.847048    
   -3.228317    
   -2.574481    
   -1.974672    
   -1.470599    
   -1.064808    
  -0.7372650    
  -0.4633158    
  -0.2238875    
   0.0000000E+00
   0.0000000E+00
  -0.1129363    
  -0.2335796    
  -0.3711280    
  -0.5346732    
  -0.7363064    
  -0.9879189    
   -1.294532    
   -1.647780    
   -2.020279    
   -2.364190    
   -2.639692    
   -2.818504    
   -2.878504    
   -2.801963    
   -2.607934    
   -2.325119    
   -1.981747    
   -1.613701    
   -1.268899    
  -0.9735529    
  -0.7349676    
  -0.5498044    
  -0.4142410    
  -0.3347816    
  -0.3262759    
  -0.3980235    
  -0.5509858    
  -0.7830011    
   -1.092356    
   -1.470699    
   -1.887845    
   -2.281293    
   -2.591129    
   -2.773048    
   -2.801959    
   -2.676960    
   -2.433743    
   -2.105686    
   -1.730061    
   -1.356248    
   -1.020419    
  -0.7408292    
  -0.5307435    
  -0.4115496    
  -0.4112787    
  -0.5300511    
  -0.7397730    
   -1.019013    
   -1.354525    
   -1.728140    
   -2.103805    
   -2.432097    
   -2.675725    
   -2.801265    
   -2.772973    
   -2.591567    
   -2.282062    
   -1.888723    
   -1.471484    
   -1.092950    
  -0.7834032    
  -0.5512297    
  -0.3981433    
  -0.3262883    
  -0.3346961    
  -0.4140726    
  -0.5495813    
  -0.7347007    
  -0.9732440    
   -1.268555    
   -1.613333    
   -1.981378    
   -2.324772    
   -2.607627    
   -2.801708    
   -2.878304    
   -2.818379    
   -2.639644    
   -2.364215    
   -2.020360    
   -1.647894    
   -1.294655    
  -0.9880314    
  -0.7363989    
  -0.5347426    
  -0.3711757    
  -0.2336086    
  -0.1129498    
   0.0000000E+00
   0.0000000E+00
   0.0000000E+00
   0.0000000E+00
   0.0000000E+00
   0.0000000E+00
   0.0000000E+00
   0.0000000E+00
   0.0000000E+00
   0.0000000E+00
   0.0000000E+00
   0.0000000E+00
   0.0000000E+00
   0.0000000E+00
   0.0000000E+00
   0.0000000E+00
   0.0000000E+00
   0.0000000E+00
   0.0000000E+00
   0.0000000E+00
   0.0000000E+00
   0.0000000E+00
   0.0000000E+00
   0.0000000E+00
   0.0000000E+00
   0.0000000E+00
   0.0000000E+00
   0.0000000E+00
   0.0000000E+00
   0.0000000E+00
   0.0000000E+00
   0.0000000E+00
   0.0000000E+00
   0.0000000E+00
   0.0000000E+00
   0.0000000E+00
   0.0000000E+00
   0.0000000E+00
   0.0000000E+00
   0.0000000E+00
   0.0000000E+00
   0.0000000E+00
   0.0000000E+00
   0.0000000E+00
   0.0000000E+00
   0.0000000E+00
   0.0000000E+00
   0.0000000E+00
   0.0000000E+00
   0.0000000E+00
   0.0000000E+00
   0.0000000E+00
   0.0000000E+00
   0.0000000E+00
   0.0000000E+00
   0.0000000E+00
   0.0000000E+00
   0.0000000E+00
   0.0000000E+00
   0.0000000E+00
   0.0000000E+00
   0.0000000E+00
   0.0000000E+00
   0.0000000E+00
   0.0000000E+00
   0.0000000E+00
   0.0000000E+00
   0.0000000E+00
   0.0000000E+00
   0.0000000E+00
   0.0000000E+00
   0.0000000E+00
   0.0000000E+00
   0.0000000E+00
   0.0000000E+00
   0.0000000E+00
   0.0000000E+00
   0.0000000E+00
   0.0000000E+00
   0.0000000E+00
   0.0000000E+00
   0.0000000E+00
   0.0000000E+00
   0.0000000E+00
   0.0000000E+00
   0.0000000E+00
   0.0000000E+00
   0.0000000E+00
   0.0000000E+00
   0.0000000E+00
   0.0000000E+00
