Time (days),Density, Population
  1.0000000e+000  4.8502226e+000  3.1378481e+001  9.4168988e-001 -1.7572036e+000
  2.0000000e+000  8.0901736e+000  2.5628684e+001  9.8016519e-001  6.4319367e-001
  3.0000000e+000  8.4066995e+000  2.4013976e+001  5.7772338e-001  7.7932709e-001
  4.0000000e+000  9.6610495e+000  2.6254451e+001 -1.2268293e-001 -7.7713904e-001
  5.0000000e+000  1.0971268e+001  2.3923836e+001 -3.3773931e-003  4.5088667e-001
  6.0000000e+000  1.2993932e+001  1.8819112e+001 -5.7207334e-001 -2.9145104e-001
  7.0000000e+000  1.7926685e+001  1.6570540e+001  2.8698458e-001 -2.7366280e+000
  8.0000000e+000  1.7649932e+001  2.0363388e+001 -3.5992885e-001 -2.8368893e+000
  9.0000000e+000  2.1083388e+001  1.4694828e+001  9.2019720e-001 -1.1238897e+000
  1.0000000e+001  2.0738583e+001  1.3792338e+001  4.5326353e-001 -2.9228246e+000
  1.1000000e+001  2.6020736e+001  1.4468655e+001 -1.7609358e-001 -6.9619627e-001
  1.2000000e+001  2.6103583e+001  1.0706452e+001  4.8913157e-001  1.0986958e+000
  1.3000000e+001  3.0993415e+001  1.0315346e+001 -4.6410550e-001 -2.4429452e+000
  1.4000000e+001  3.2955276e+001  6.3886867e+000 -1.2015138e-001 -2.7879701e+000
  1.5000000e+001  3.3394723e+001  1.0430010e+001  8.6676022e-001  6.7437289e-001
  1.6000000e+001  3.4812660e+001  6.4967501e+000  3.6666465e-001  6.5124217e-001
  1.7000000e+001  3.9231960e+001  4.0409775e+000 -5.7488027e-001 -2.9054411e+000
  1.8000000e+001  4.0763120e+001  3.0930705e+000  6.7847648e-001 -2.9018704e+000
  1.9000000e+001  4.1702808e+001  5.0370888e-001  2.5756920e-001 -1.8595525e+000
  2.0000000e+001  4.4741191e+001 -4.0256042e-001 -7.3245450e-001  5.2151083e-001
